cpu,t_ms,busy_pct,epoch_ms,rdtime_ticks
0,100,0.0,1789083754083,108699035896380
1,100,0.0,1789083754083,108699035896380
2,100,0.0,1789083754083,108699035896380
3,100,0.0,1789083754083,108699035896380
4,100,0.0,1789083754083,108699035896380
5,100,0.0,1789083754083,108699035896380
6,100,0.0,1789083754083,108699035896380
7,100,0.0,1789083754083,108699035896380
0,201,0.0,1789083754184,108699038307721
1,201,0.0,1789083754184,108699038307721
2,201,0.0,1789083754184,108699038307721
3,201,0.0,1789083754184,108699038307721
4,201,0.0,1789083754184,108699038307721
5,201,0.0,1789083754184,108699038307721
6,201,0.0,1789083754184,108699038307721
7,201,0.0,1789083754184,108699038307721
0,301,0.0,1789083754284,108699040716018
1,301,0.0,1789083754284,108699040716018
2,301,0.0,1789083754284,108699040716018
3,301,0.0,1789083754284,108699040716018
4,301,0.0,1789083754284,108699040716018
5,301,0.0,1789083754284,108699040716018
6,301,0.0,1789083754284,108699040716018
7,301,0.0,1789083754284,108699040716018
0,401,0.0,1789083754384,108699043124130
1,401,0.0,1789083754384,108699043124130
2,401,0.0,1789083754384,108699043124130
3,401,0.0,1789083754384,108699043124130
4,401,0.0,1789083754384,108699043124130
5,401,0.0,1789083754384,108699043124130
6,401,0.0,1789083754384,108699043124130
7,401,0.0,1789083754384,108699043124130
0,502,0.0,1789083754485,108699045534499
1,502,0.0,1789083754485,108699045534499
2,502,0.0,1789083754485,108699045534499
3,502,0.0,1789083754485,108699045534499
4,502,0.0,1789083754485,108699045534499
5,502,0.0,1789083754485,108699045534499
6,502,0.0,1789083754485,108699045534499
7,502,0.0,1789083754485,108699045534499
0,602,25.0,1789083754585,108699047947322
1,602,9.1,1789083754585,108699047947322
2,602,0.0,1789083754585,108699047947322
3,602,20.0,1789083754585,108699047947322
4,602,10.0,1789083754585,108699047947322
5,602,10.0,1789083754585,108699047947322
6,602,18.2,1789083754585,108699047947322
7,602,9.1,1789083754585,108699047947322
0,703,41.7,1789083754686,108699050359475
1,703,0.0,1789083754686,108699050359475
2,703,0.0,1789083754686,108699050359475
3,703,30.0,1789083754686,108699050359475
4,703,0.0,1789083754686,108699050359475
5,703,0.0,1789083754686,108699050359475
6,703,0.0,1789083754686,108699050359475
7,703,10.0,1789083754686,108699050359475
0,803,11.1,1789083754786,108699052773230
1,803,11.1,1789083754786,108699052773230
2,803,18.2,1789083754786,108699052773230
3,803,0.0,1789083754786,108699052773230
4,803,10.0,1789083754786,108699052773230
5,803,0.0,1789083754786,108699052773230
6,803,0.0,1789083754786,108699052773230
7,803,0.0,1789083754786,108699052773230
0,904,0.0,1789083754887,108699055188366
1,904,0.0,1789083754887,108699055188366
2,904,0.0,1789083754887,108699055188366
3,904,18.2,1789083754887,108699055188366
4,904,0.0,1789083754887,108699055188366
5,904,30.0,1789083754887,108699055188366
6,904,0.0,1789083754887,108699055188366
7,904,10.0,1789083754887,108699055188366
0,1005,0.0,1789083754988,108699057601300
1,1005,0.0,1789083754988,108699057601300
2,1005,0.0,1789083754988,108699057601300
3,1005,0.0,1789083754988,108699057601300
4,1005,0.0,1789083754988,108699057601300
5,1005,100.0,1789083754988,108699057601300
6,1005,0.0,1789083754988,108699057601300
7,1005,0.0,1789083754988,108699057601300
0,1105,0.0,1789083755088,108699060013261
1,1105,0.0,1789083755088,108699060013261
2,1105,0.0,1789083755088,108699060013261
3,1105,0.0,1789083755088,108699060013261
4,1105,0.0,1789083755088,108699060013261
5,1105,100.0,1789083755088,108699060013261
6,1105,0.0,1789083755088,108699060013261
7,1105,0.0,1789083755088,108699060013261
0,1206,0.0,1789083755189,108699062425567
1,1206,0.0,1789083755189,108699062425567
2,1206,0.0,1789083755189,108699062425567
3,1206,0.0,1789083755189,108699062425567
4,1206,0.0,1789083755189,108699062425567
5,1206,100.0,1789083755189,108699062425567
6,1206,0.0,1789083755189,108699062425567
7,1206,0.0,1789083755189,108699062425567
0,1306,0.0,1789083755289,108699064837206
1,1306,0.0,1789083755289,108699064837206
2,1306,0.0,1789083755289,108699064837206
3,1306,0.0,1789083755289,108699064837206
4,1306,0.0,1789083755289,108699064837206
5,1306,100.0,1789083755289,108699064837206
6,1306,0.0,1789083755289,108699064837206
7,1306,0.0,1789083755289,108699064837206
0,1407,0.0,1789083755390,108699067249841
1,1407,0.0,1789083755390,108699067249841
2,1407,0.0,1789083755390,108699067249841
3,1407,0.0,1789083755390,108699067249841
4,1407,0.0,1789083755390,108699067249841
5,1407,100.0,1789083755390,108699067249841
6,1407,0.0,1789083755390,108699067249841
7,1407,0.0,1789083755390,108699067249841
0,1507,0.0,1789083755490,108699069660924
1,1507,0.0,1789083755490,108699069660924
2,1507,0.0,1789083755490,108699069660924
3,1507,0.0,1789083755490,108699069660924
4,1507,0.0,1789083755490,108699069660924
5,1507,100.0,1789083755490,108699069660924
6,1507,0.0,1789083755490,108699069660924
7,1507,0.0,1789083755490,108699069660924
0,1607,0.0,1789083755590,108699072072062
1,1607,0.0,1789083755590,108699072072062
2,1607,0.0,1789083755590,108699072072062
3,1607,0.0,1789083755590,108699072072062
4,1607,0.0,1789083755590,108699072072062
5,1607,100.0,1789083755590,108699072072062
6,1607,0.0,1789083755590,108699072072062
7,1607,0.0,1789083755590,108699072072062
0,1708,0.0,1789083755691,108699074484156
1,1708,0.0,1789083755691,108699074484156
2,1708,0.0,1789083755691,108699074484156
3,1708,0.0,1789083755691,108699074484156
4,1708,0.0,1789083755691,108699074484156
5,1708,100.0,1789083755691,108699074484156
6,1708,0.0,1789083755691,108699074484156
7,1708,0.0,1789083755691,108699074484156
0,1808,0.0,1789083755791,108699076895453
1,1808,0.0,1789083755791,108699076895453
2,1808,0.0,1789083755791,108699076895453
3,1808,0.0,1789083755791,108699076895453
4,1808,9.1,1789083755791,108699076895453
5,1808,100.0,1789083755791,108699076895453
6,1808,0.0,1789083755791,108699076895453
7,1808,0.0,1789083755791,108699076895453
0,1909,0.0,1789083755892,108699079306652
1,1909,0.0,1789083755892,108699079306652
2,1909,0.0,1789083755892,108699079306652
3,1909,0.0,1789083755892,108699079306652
4,1909,0.0,1789083755892,108699079306652
5,1909,100.0,1789083755892,108699079306652
6,1909,0.0,1789083755892,108699079306652
7,1909,10.0,1789083755892,108699079306652
0,2010,0.0,1789083755993,108699081720831
1,2010,10.0,1789083755993,108699081720831
2,2010,0.0,1789083755993,108699081720831
3,2010,0.0,1789083755993,108699081720831
4,2010,0.0,1789083755993,108699081720831
5,2010,100.0,1789083755993,108699081720831
6,2010,0.0,1789083755993,108699081720831
7,2010,0.0,1789083755993,108699081720831
0,2110,0.0,1789083756093,108699084134056
1,2110,0.0,1789083756093,108699084134056
2,2110,0.0,1789083756093,108699084134056
3,2110,0.0,1789083756093,108699084134056
4,2110,0.0,1789083756093,108699084134056
5,2110,100.0,1789083756093,108699084134056
6,2110,0.0,1789083756093,108699084134056
7,2110,0.0,1789083756093,108699084134056
0,2211,0.0,1789083756194,108699086548877
1,2211,0.0,1789083756194,108699086548877
2,2211,0.0,1789083756194,108699086548877
3,2211,0.0,1789083756194,108699086548877
4,2211,0.0,1789083756194,108699086548877
5,2211,100.0,1789083756194,108699086548877
6,2211,0.0,1789083756194,108699086548877
7,2211,0.0,1789083756194,108699086548877
0,2311,0.0,1789083756294,108699088961983
1,2311,0.0,1789083756294,108699088961983
2,2311,0.0,1789083756294,108699088961983
3,2311,0.0,1789083756294,108699088961983
4,2311,0.0,1789083756294,108699088961983
5,2311,100.0,1789083756294,108699088961983
6,2311,0.0,1789083756294,108699088961983
7,2311,0.0,1789083756294,108699088961983
0,2412,0.0,1789083756395,108699091375794
1,2412,0.0,1789083756395,108699091375794
2,2412,0.0,1789083756395,108699091375794
3,2412,9.1,1789083756395,108699091375794
4,2412,0.0,1789083756395,108699091375794
5,2412,90.0,1789083756395,108699091375794
6,2412,0.0,1789083756395,108699091375794
7,2412,0.0,1789083756395,108699091375794
0,2512,0.0,1789083756495,108699093789631
1,2512,0.0,1789083756495,108699093789631
2,2512,0.0,1789083756495,108699093789631
3,2512,0.0,1789083756495,108699093789631
4,2512,0.0,1789083756495,108699093789631
5,2512,100.0,1789083756495,108699093789631
6,2512,0.0,1789083756495,108699093789631
7,2512,0.0,1789083756495,108699093789631
0,2613,0.0,1789083756596,108699096202802
1,2613,0.0,1789083756596,108699096202802
2,2613,0.0,1789083756596,108699096202802
3,2613,0.0,1789083756596,108699096202802
4,2613,0.0,1789083756596,108699096202802
5,2613,100.0,1789083756596,108699096202802
6,2613,0.0,1789083756596,108699096202802
7,2613,0.0,1789083756596,108699096202802
0,2713,0.0,1789083756696,108699098615821
1,2713,0.0,1789083756696,108699098615821
2,2713,0.0,1789083756696,108699098615821
3,2713,0.0,1789083756696,108699098615821
4,2713,0.0,1789083756696,108699098615821
5,2713,100.0,1789083756696,108699098615821
6,2713,0.0,1789083756696,108699098615821
7,2713,0.0,1789083756696,108699098615821
0,2814,20.0,1789083756797,108699101030095
1,2814,10.0,1789083756797,108699101030095
2,2814,18.2,1789083756797,108699101030095
3,2814,25.0,1789083756797,108699101030095
4,2814,10.0,1789083756797,108699101030095
5,2814,22.2,1789083756797,108699101030095
6,2814,10.0,1789083756797,108699101030095
7,2814,11.1,1789083756797,108699101030095
0,2916,0.0,1789083756899,108699103485571
1,2916,20.0,1789083756899,108699103485571
2,2916,0.0,1789083756899,108699103485571
3,2916,0.0,1789083756899,108699103485571
4,2916,60.0,1789083756899,108699103485571
5,2916,0.0,1789083756899,108699103485571
6,2916,10.0,1789083756899,108699103485571
7,2916,9.1,1789083756899,108699103485571
0,3017,0.0,1789083757000,108699105900419
1,3017,0.0,1789083757000,108699105900419
2,3017,0.0,1789083757000,108699105900419
3,3017,0.0,1789083757000,108699105900419
4,3017,100.0,1789083757000,108699105900419
5,3017,0.0,1789083757000,108699105900419
6,3017,0.0,1789083757000,108699105900419
7,3017,0.0,1789083757000,108699105900419
0,3118,0.0,1789083757101,108699108313535
1,3118,0.0,1789083757101,108699108313535
2,3118,0.0,1789083757101,108699108313535
3,3118,0.0,1789083757101,108699108313535
4,3118,100.0,1789083757101,108699108313535
5,3118,0.0,1789083757101,108699108313535
6,3118,0.0,1789083757101,108699108313535
7,3118,0.0,1789083757101,108699108313535
0,3218,0.0,1789083757201,108699110726428
1,3218,0.0,1789083757201,108699110726428
2,3218,0.0,1789083757201,108699110726428
3,3218,0.0,1789083757201,108699110726428
4,3218,100.0,1789083757201,108699110726428
5,3218,0.0,1789083757201,108699110726428
6,3218,0.0,1789083757201,108699110726428
7,3218,0.0,1789083757201,108699110726428
0,3319,0.0,1789083757302,108699113139113
1,3319,0.0,1789083757302,108699113139113
2,3319,0.0,1789083757302,108699113139113
3,3319,0.0,1789083757302,108699113139113
4,3319,10.0,1789083757302,108699113139113
5,3319,0.0,1789083757302,108699113139113
6,3319,0.0,1789083757302,108699113139113
7,3319,0.0,1789083757302,108699113139113
0,3419,0.0,1789083757402,108699115550874
1,3419,0.0,1789083757402,108699115550874
2,3419,0.0,1789083757402,108699115550874
3,3419,0.0,1789083757402,108699115550874
4,3419,0.0,1789083757402,108699115550874
5,3419,0.0,1789083757402,108699115550874
6,3419,0.0,1789083757402,108699115550874
7,3419,0.0,1789083757402,108699115550874
0,3520,0.0,1789083757503,108699117962123
1,3520,0.0,1789083757503,108699117962123
2,3520,0.0,1789083757503,108699117962123
3,3520,0.0,1789083757503,108699117962123
4,3520,0.0,1789083757503,108699117962123
5,3520,0.0,1789083757503,108699117962123
6,3520,0.0,1789083757503,108699117962123
7,3520,0.0,1789083757503,108699117962123
0,3620,0.0,1789083757603,108699120374183
1,3620,0.0,1789083757603,108699120374183
2,3620,0.0,1789083757603,108699120374183
3,3620,0.0,1789083757603,108699120374183
4,3620,0.0,1789083757603,108699120374183
5,3620,9.1,1789083757603,108699120374183
6,3620,0.0,1789083757603,108699120374183
7,3620,0.0,1789083757603,108699120374183
0,3721,0.0,1789083757704,108699122785096
1,3721,0.0,1789083757704,108699122785096
2,3721,0.0,1789083757704,108699122785096
3,3721,0.0,1789083757704,108699122785096
4,3721,0.0,1789083757704,108699122785096
5,3721,0.0,1789083757704,108699122785096
6,3721,0.0,1789083757704,108699122785096
7,3721,0.0,1789083757704,108699122785096
0,3821,0.0,1789083757804,108699125194754
1,3821,0.0,1789083757804,108699125194754
2,3821,0.0,1789083757804,108699125194754
3,3821,0.0,1789083757804,108699125194754
4,3821,0.0,1789083757804,108699125194754
5,3821,0.0,1789083757804,108699125194754
6,3821,0.0,1789083757804,108699125194754
7,3821,0.0,1789083757804,108699125194754
0,3922,60.0,1789083757905,108699127608942
1,3922,0.0,1789083757905,108699127608942
2,3922,0.0,1789083757905,108699127608942
3,3922,0.0,1789083757905,108699127608942
4,3922,0.0,1789083757905,108699127608942
5,3922,0.0,1789083757905,108699127608942
6,3922,0.0,1789083757905,108699127608942
7,3922,10.0,1789083757905,108699127608942
0,4022,100.0,1789083758005,108699130021404
1,4022,0.0,1789083758005,108699130021404
2,4022,0.0,1789083758005,108699130021404
3,4022,0.0,1789083758005,108699130021404
4,4022,0.0,1789083758005,108699130021404
5,4022,0.0,1789083758005,108699130021404
6,4022,0.0,1789083758005,108699130021404
7,4022,0.0,1789083758005,108699130021404
0,4123,100.0,1789083758106,108699132434527
1,4123,0.0,1789083758106,108699132434527
2,4123,0.0,1789083758106,108699132434527
3,4123,0.0,1789083758106,108699132434527
4,4123,0.0,1789083758106,108699132434527
5,4123,0.0,1789083758106,108699132434527
6,4123,0.0,1789083758106,108699132434527
7,4123,0.0,1789083758106,108699132434527
0,4223,100.0,1789083758206,108699134847635
1,4223,0.0,1789083758206,108699134847635
2,4223,0.0,1789083758206,108699134847635
3,4223,0.0,1789083758206,108699134847635
4,4223,18.2,1789083758206,108699134847635
5,4223,0.0,1789083758206,108699134847635
6,4223,0.0,1789083758206,108699134847635
7,4223,0.0,1789083758206,108699134847635
0,4324,100.0,1789083758307,108699137260885
1,4324,0.0,1789083758307,108699137260885
2,4324,0.0,1789083758307,108699137260885
3,4324,0.0,1789083758307,108699137260885
4,4324,22.2,1789083758307,108699137260885
5,4324,0.0,1789083758307,108699137260885
6,4324,0.0,1789083758307,108699137260885
7,4324,0.0,1789083758307,108699137260885
0,4424,45.5,1789083758407,108699139673912
1,4424,0.0,1789083758407,108699139673912
2,4424,0.0,1789083758407,108699139673912
3,4424,0.0,1789083758407,108699139673912
4,4424,10.0,1789083758407,108699139673912
5,4424,0.0,1789083758407,108699139673912
6,4424,0.0,1789083758407,108699139673912
7,4424,0.0,1789083758407,108699139673912
0,4525,60.0,1789083758508,108699142087046
1,4525,50.0,1789083758508,108699142087046
2,4525,40.0,1789083758508,108699142087046
3,4525,40.0,1789083758508,108699142087046
4,4525,11.1,1789083758508,108699142087046
5,4525,0.0,1789083758508,108699142087046
6,4525,0.0,1789083758508,108699142087046
7,4525,0.0,1789083758508,108699142087046
0,4625,30.0,1789083758608,108699144499719
1,4625,11.1,1789083758608,108699144499719
2,4625,11.1,1789083758608,108699144499719
3,4625,20.0,1789083758608,108699144499719
4,4625,9.1,1789083758608,108699144499719
5,4625,0.0,1789083758608,108699144499719
6,4625,0.0,1789083758608,108699144499719
7,4625,0.0,1789083758608,108699144499719
0,4726,58.3,1789083758709,108699146912729
1,4726,44.4,1789083758709,108699146912729
2,4726,50.0,1789083758709,108699146912729
3,4726,44.4,1789083758709,108699146912729
4,4726,10.0,1789083758709,108699146912729
5,4726,0.0,1789083758709,108699146912729
6,4726,0.0,1789083758709,108699146912729
7,4726,0.0,1789083758709,108699146912729
0,4826,36.4,1789083758809,108699149326237
1,4826,20.0,1789083758809,108699149326237
2,4826,20.0,1789083758809,108699149326237
3,4826,20.0,1789083758809,108699149326237
4,4826,10.0,1789083758809,108699149326237
5,4826,0.0,1789083758809,108699149326237
6,4826,9.1,1789083758809,108699149326237
7,4826,18.2,1789083758809,108699149326237
0,4927,60.0,1789083758910,108699151739127
1,4927,45.5,1789083758910,108699151739127
2,4927,40.0,1789083758910,108699151739127
3,4927,40.0,1789083758910,108699151739127
4,4927,10.0,1789083758910,108699151739127
5,4927,0.0,1789083758910,108699151739127
6,4927,0.0,1789083758910,108699151739127
7,4927,0.0,1789083758910,108699151739127
0,5028,36.4,1789083759011,108699154151843
1,5028,22.2,1789083759011,108699154151843
2,5028,20.0,1789083759011,108699154151843
3,5028,20.0,1789083759011,108699154151843
4,5028,0.0,1789083759011,108699154151843
5,5028,0.0,1789083759011,108699154151843
6,5028,0.0,1789083759011,108699154151843
7,5028,0.0,1789083759011,108699154151843
0,5128,54.5,1789083759111,108699156566630
1,5128,40.0,1789083759111,108699156566630
2,5128,44.4,1789083759111,108699156566630
3,5128,50.0,1789083759111,108699156566630
4,5128,10.0,1789083759111,108699156566630
5,5128,0.0,1789083759111,108699156566630
6,5128,0.0,1789083759111,108699156566630
7,5128,0.0,1789083759111,108699156566630
0,5229,40.0,1789083759212,108699158979121
1,5229,20.0,1789083759212,108699158979121
2,5229,27.3,1789083759212,108699158979121
3,5229,27.3,1789083759212,108699158979121
4,5229,0.0,1789083759212,108699158979121
5,5229,0.0,1789083759212,108699158979121
6,5229,0.0,1789083759212,108699158979121
7,5229,0.0,1789083759212,108699158979121
0,5329,54.5,1789083759312,108699161391772
1,5329,50.0,1789083759312,108699161391772
2,5329,40.0,1789083759312,108699161391772
3,5329,45.5,1789083759312,108699161391772
4,5329,10.0,1789083759312,108699161391772
5,5329,0.0,1789083759312,108699161391772
6,5329,0.0,1789083759312,108699161391772
7,5329,0.0,1789083759312,108699161391772
0,5430,36.4,1789083759413,108699163804474
1,5430,20.0,1789083759413,108699163804474
2,5430,22.2,1789083759413,108699163804474
3,5430,22.2,1789083759413,108699163804474
4,5430,9.1,1789083759413,108699163804474
5,5430,0.0,1789083759413,108699163804474
6,5430,0.0,1789083759413,108699163804474
7,5430,0.0,1789083759413,108699163804474
0,5530,54.5,1789083759513,108699166217201
1,5530,40.0,1789083759513,108699166217201
2,5530,40.0,1789083759513,108699166217201
3,5530,40.0,1789083759513,108699166217201
4,5530,10.0,1789083759513,108699166217201
5,5530,0.0,1789083759513,108699166217201
6,5530,0.0,1789083759513,108699166217201
7,5530,0.0,1789083759513,108699166217201
0,5631,30.0,1789083759614,108699168629961
1,5631,22.2,1789083759614,108699168629961
2,5631,27.3,1789083759614,108699168629961
3,5631,20.0,1789083759614,108699168629961
4,5631,10.0,1789083759614,108699168629961
5,5631,0.0,1789083759614,108699168629961
6,5631,0.0,1789083759614,108699168629961
7,5631,0.0,1789083759614,108699168629961
0,5731,54.5,1789083759714,108699171042530
1,5731,40.0,1789083759714,108699171042530
2,5731,40.0,1789083759714,108699171042530
3,5731,40.0,1789083759714,108699171042530
4,5731,0.0,1789083759714,108699171042530
5,5731,0.0,1789083759714,108699171042530
6,5731,0.0,1789083759714,108699171042530
7,5731,0.0,1789083759714,108699171042530
0,5832,40.0,1789083759815,108699173455331
1,5832,30.0,1789083759815,108699173455331
2,5832,30.0,1789083759815,108699173455331
3,5832,30.0,1789083759815,108699173455331
4,5832,16.7,1789083759815,108699173455331
5,5832,0.0,1789083759815,108699173455331
6,5832,0.0,1789083759815,108699173455331
7,5832,0.0,1789083759815,108699173455331
0,5932,54.5,1789083759915,108699175870404
1,5932,36.4,1789083759915,108699175870404
2,5932,40.0,1789083759915,108699175870404
3,5932,40.0,1789083759915,108699175870404
4,5932,10.0,1789083759915,108699175870404
5,5932,0.0,1789083759915,108699175870404
6,5932,0.0,1789083759915,108699175870404
7,5932,10.0,1789083759915,108699175870404
0,6033,41.7,1789083760016,108699178283067
1,6033,30.0,1789083760016,108699178283067
2,6033,30.0,1789083760016,108699178283067
3,6033,27.3,1789083760016,108699178283067
4,6033,0.0,1789083760016,108699178283067
5,6033,0.0,1789083760016,108699178283067
6,6033,0.0,1789083760016,108699178283067
7,6033,0.0,1789083760016,108699178283067
0,6134,54.5,1789083760117,108699180695898
1,6134,40.0,1789083760117,108699180695898
2,6134,36.4,1789083760117,108699180695898
3,6134,40.0,1789083760117,108699180695898
4,6134,10.0,1789083760117,108699180695898
5,6134,0.0,1789083760117,108699180695898
6,6134,0.0,1789083760117,108699180695898
7,6134,0.0,1789083760117,108699180695898
0,6234,40.0,1789083760217,108699183108850
1,6234,30.0,1789083760217,108699183108850
2,6234,22.2,1789083760217,108699183108850
3,6234,30.0,1789083760217,108699183108850
4,6234,9.1,1789083760217,108699183108850
5,6234,0.0,1789083760217,108699183108850
6,6234,0.0,1789083760217,108699183108850
7,6234,0.0,1789083760217,108699183108850
0,6335,50.0,1789083760318,108699185521411
1,6335,25.0,1789083760318,108699185521411
2,6335,33.3,1789083760318,108699185521411
3,6335,33.3,1789083760318,108699185521411
4,6335,0.0,1789083760318,108699185521411
5,6335,0.0,1789083760318,108699185521411
6,6335,0.0,1789083760318,108699185521411
7,6335,0.0,1789083760318,108699185521411
0,6435,40.0,1789083760418,108699187935613
1,6435,30.0,1789083760418,108699187935613
2,6435,30.0,1789083760418,108699187935613
3,6435,22.2,1789083760418,108699187935613
4,6435,10.0,1789083760418,108699187935613
5,6435,0.0,1789083760418,108699187935613
6,6435,0.0,1789083760418,108699187935613
7,6435,0.0,1789083760418,108699187935613
0,6536,50.0,1789083760519,108699190348173
1,6536,36.4,1789083760519,108699190348173
2,6536,36.4,1789083760519,108699190348173
3,6536,36.4,1789083760519,108699190348173
4,6536,10.0,1789083760519,108699190348173
5,6536,0.0,1789083760519,108699190348173
6,6536,0.0,1789083760519,108699190348173
7,6536,0.0,1789083760519,108699190348173
0,6636,50.0,1789083760619,108699192761284
1,6636,40.0,1789083760619,108699192761284
2,6636,33.3,1789083760619,108699192761284
3,6636,30.0,1789083760619,108699192761284
4,6636,0.0,1789083760619,108699192761284
5,6636,0.0,1789083760619,108699192761284
6,6636,0.0,1789083760619,108699192761284
7,6636,0.0,1789083760619,108699192761284
0,6737,45.5,1789083760720,108699195174182
1,6737,22.2,1789083760720,108699195174182
2,6737,30.0,1789083760720,108699195174182
3,6737,33.3,1789083760720,108699195174182
4,6737,18.2,1789083760720,108699195174182
5,6737,0.0,1789083760720,108699195174182
6,6737,0.0,1789083760720,108699195174182
7,6737,10.0,1789083760720,108699195174182
0,6837,45.5,1789083760820,108699197587108
1,6837,36.4,1789083760820,108699197587108
2,6837,30.0,1789083760820,108699197587108
3,6837,30.0,1789083760820,108699197587108
4,6837,0.0,1789083760820,108699197587108
5,6837,0.0,1789083760820,108699197587108
6,6837,0.0,1789083760820,108699197587108
7,6837,0.0,1789083760820,108699197587108
0,6938,45.5,1789083760921,108699199999958
1,6938,33.3,1789083760921,108699199999958
2,6938,30.0,1789083760921,108699199999958
3,6938,30.0,1789083760921,108699199999958
4,6938,10.0,1789083760921,108699199999958
5,6938,0.0,1789083760921,108699199999958
6,6938,0.0,1789083760921,108699199999958
7,6938,0.0,1789083760921,108699199999958
0,7038,50.0,1789083761021,108699202412878
1,7038,30.0,1789083761021,108699202412878
2,7038,33.3,1789083761021,108699202412878
3,7038,33.3,1789083761021,108699202412878
4,7038,16.7,1789083761021,108699202412878
5,7038,0.0,1789083761021,108699202412878
6,7038,0.0,1789083761021,108699202412878
7,7038,0.0,1789083761021,108699202412878
0,7139,45.5,1789083761122,108699204826028
1,7139,40.0,1789083761122,108699204826028
2,7139,36.4,1789083761122,108699204826028
3,7139,30.0,1789083761122,108699204826028
4,7139,10.0,1789083761122,108699204826028
5,7139,0.0,1789083761122,108699204826028
6,7139,0.0,1789083761122,108699204826028
7,7139,0.0,1789083761122,108699204826028
0,7240,45.5,1789083761223,108699207239409
1,7240,30.0,1789083761223,108699207239409
2,7240,30.0,1789083761223,108699207239409
3,7240,36.4,1789083761223,108699207239409
4,7240,10.0,1789083761223,108699207239409
5,7240,0.0,1789083761223,108699207239409
6,7240,0.0,1789083761223,108699207239409
7,7240,0.0,1789083761223,108699207239409
0,7340,45.5,1789083761323,108699209653373
1,7340,30.0,1789083761323,108699209653373
2,7340,30.0,1789083761323,108699209653373
3,7340,22.2,1789083761323,108699209653373
4,7340,0.0,1789083761323,108699209653373
5,7340,0.0,1789083761323,108699209653373
6,7340,0.0,1789083761323,108699209653373
7,7340,0.0,1789083761323,108699209653373
0,7441,54.5,1789083761424,108699212066050
1,7441,40.0,1789083761424,108699212066050
2,7441,33.3,1789083761424,108699212066050
3,7441,40.0,1789083761424,108699212066050
4,7441,10.0,1789083761424,108699212066050
5,7441,0.0,1789083761424,108699212066050
6,7441,0.0,1789083761424,108699212066050
7,7441,0.0,1789083761424,108699212066050
0,7541,45.5,1789083761524,108699214478602
1,7541,22.2,1789083761524,108699214478602
2,7541,30.0,1789083761524,108699214478602
3,7541,30.0,1789083761524,108699214478602
4,7541,10.0,1789083761524,108699214478602
5,7541,0.0,1789083761524,108699214478602
6,7541,0.0,1789083761524,108699214478602
7,7541,0.0,1789083761524,108699214478602
0,7642,45.5,1789083761625,108699216892697
1,7642,40.0,1789083761625,108699216892697
2,7642,40.0,1789083761625,108699216892697
3,7642,30.0,1789083761625,108699216892697
4,7642,0.0,1789083761625,108699216892697
5,7642,0.0,1789083761625,108699216892697
6,7642,0.0,1789083761625,108699216892697
7,7642,0.0,1789083761625,108699216892697
0,7742,45.5,1789083761725,108699219305481
1,7742,30.0,1789083761725,108699219305481
2,7742,30.0,1789083761725,108699219305481
3,7742,30.0,1789083761725,108699219305481
4,7742,10.0,1789083761725,108699219305481
5,7742,0.0,1789083761725,108699219305481
6,7742,0.0,1789083761725,108699219305481
7,7742,0.0,1789083761725,108699219305481
0,7843,50.0,1789083761826,108699221719582
1,7843,41.7,1789083761826,108699221719582
2,7843,30.0,1789083761826,108699221719582
3,7843,40.0,1789083761826,108699221719582
4,7843,10.0,1789083761826,108699221719582
5,7843,0.0,1789083761826,108699221719582
6,7843,0.0,1789083761826,108699221719582
7,7843,10.0,1789083761826,108699221719582
0,7943,45.5,1789083761926,108699224132407
1,7943,30.0,1789083761926,108699224132407
2,7943,30.0,1789083761926,108699224132407
3,7943,30.0,1789083761926,108699224132407
4,7943,10.0,1789083761926,108699224132407
5,7943,0.0,1789083761926,108699224132407
6,7943,0.0,1789083761926,108699224132407
7,7943,10.0,1789083761926,108699224132407
0,8044,45.5,1789083762027,108699226546695
1,8044,33.3,1789083762027,108699226546695
2,8044,40.0,1789083762027,108699226546695
3,8044,40.0,1789083762027,108699226546695
4,8044,9.1,1789083762027,108699226546695
5,8044,0.0,1789083762027,108699226546695
6,8044,0.0,1789083762027,108699226546695
7,8044,0.0,1789083762027,108699226546695
0,8145,45.5,1789083762128,108699228959685
1,8145,30.0,1789083762128,108699228959685
2,8145,22.2,1789083762128,108699228959685
3,8145,20.0,1789083762128,108699228959685
4,8145,10.0,1789083762128,108699228959685
5,8145,9.1,1789083762128,108699228959685
6,8145,0.0,1789083762128,108699228959685
7,8145,0.0,1789083762128,108699228959685
0,8245,54.5,1789083762228,108699231372239
1,8245,40.0,1789083762228,108699231372239
2,8245,36.4,1789083762228,108699231372239
3,8245,40.0,1789083762228,108699231372239
4,8245,10.0,1789083762228,108699231372239
5,8245,0.0,1789083762228,108699231372239
6,8245,0.0,1789083762228,108699231372239
7,8245,0.0,1789083762228,108699231372239
0,8346,41.7,1789083762329,108699233784568
1,8346,22.2,1789083762329,108699233784568
2,8346,22.2,1789083762329,108699233784568
3,8346,22.2,1789083762329,108699233784568
4,8346,10.0,1789083762329,108699233784568
5,8346,0.0,1789083762329,108699233784568
6,8346,0.0,1789083762329,108699233784568
7,8346,0.0,1789083762329,108699233784568
0,8446,54.5,1789083762429,108699236197443
1,8446,40.0,1789083762429,108699236197443
2,8446,45.5,1789083762429,108699236197443
3,8446,45.5,1789083762429,108699236197443
4,8446,0.0,1789083762429,108699236197443
5,8446,0.0,1789083762429,108699236197443
6,8446,0.0,1789083762429,108699236197443
7,8446,0.0,1789083762429,108699236197443
0,8547,45.5,1789083762530,108699238610109
1,8547,27.3,1789083762530,108699238610109
2,8547,22.2,1789083762530,108699238610109
3,8547,20.0,1789083762530,108699238610109
4,8547,10.0,1789083762530,108699238610109
5,8547,0.0,1789083762530,108699238610109
6,8547,0.0,1789083762530,108699238610109
7,8547,0.0,1789083762530,108699238610109
0,8647,54.5,1789083762630,108699241022741
1,8647,33.3,1789083762630,108699241022741
2,8647,40.0,1789083762630,108699241022741
3,8647,40.0,1789083762630,108699241022741
4,8647,10.0,1789083762630,108699241022741
5,8647,0.0,1789083762630,108699241022741
6,8647,0.0,1789083762630,108699241022741
7,8647,0.0,1789083762630,108699241022741
0,8748,41.7,1789083762731,108699243434960
1,8748,30.0,1789083762731,108699243434960
2,8748,20.0,1789083762731,108699243434960
3,8748,22.2,1789083762731,108699243434960
4,8748,0.0,1789083762731,108699243434960
5,8748,0.0,1789083762731,108699243434960
6,8748,0.0,1789083762731,108699243434960
7,8748,0.0,1789083762731,108699243434960
0,8848,50.0,1789083762831,108699245849109
1,8848,40.0,1789083762831,108699245849109
2,8848,40.0,1789083762831,108699245849109
3,8848,40.0,1789083762831,108699245849109
4,8848,9.1,1789083762831,108699245849109
5,8848,0.0,1789083762831,108699245849109
6,8848,0.0,1789083762831,108699245849109
7,8848,0.0,1789083762831,108699245849109
0,8949,41.7,1789083762932,108699248261452
1,8949,20.0,1789083762932,108699248261452
2,8949,22.2,1789083762932,108699248261452
3,8949,20.0,1789083762932,108699248261452
4,8949,10.0,1789083762932,108699248261452
5,8949,0.0,1789083762932,108699248261452
6,8949,0.0,1789083762932,108699248261452
7,8949,0.0,1789083762932,108699248261452
0,9049,50.0,1789083763032,108699250674444
1,9049,44.4,1789083763032,108699250674444
2,9049,40.0,1789083763032,108699250674444
3,9049,40.0,1789083763032,108699250674444
4,9049,10.0,1789083763032,108699250674444
5,9049,0.0,1789083763032,108699250674444
6,9049,0.0,1789083763032,108699250674444
7,9049,0.0,1789083763032,108699250674444
0,9150,45.5,1789083763133,108699253086882
1,9150,20.0,1789083763133,108699253086882
2,9150,20.0,1789083763133,108699253086882
3,9150,22.2,1789083763133,108699253086882
4,9150,10.0,1789083763133,108699253086882
5,9150,0.0,1789083763133,108699253086882
6,9150,0.0,1789083763133,108699253086882
7,9150,0.0,1789083763133,108699253086882
0,9250,50.0,1789083763233,108699255499830
1,9250,50.0,1789083763233,108699255499830
2,9250,50.0,1789083763233,108699255499830
3,9250,45.5,1789083763233,108699255499830
4,9250,0.0,1789083763233,108699255499830
5,9250,0.0,1789083763233,108699255499830
6,9250,0.0,1789083763233,108699255499830
7,9250,0.0,1789083763233,108699255499830
0,9351,41.7,1789083763334,108699257912198
1,9351,11.1,1789083763334,108699257912198
2,9351,11.1,1789083763334,108699257912198
3,9351,11.1,1789083763334,108699257912198
4,9351,10.0,1789083763334,108699257912198
5,9351,0.0,1789083763334,108699257912198
6,9351,0.0,1789083763334,108699257912198
7,9351,0.0,1789083763334,108699257912198
0,9451,44.4,1789083763434,108699260325064
1,9451,40.0,1789083763434,108699260325064
2,9451,40.0,1789083763434,108699260325064
3,9451,44.4,1789083763434,108699260325064
4,9451,10.0,1789083763434,108699260325064
5,9451,0.0,1789083763434,108699260325064
6,9451,0.0,1789083763434,108699260325064
7,9451,0.0,1789083763434,108699260325064
0,9552,41.7,1789083763535,108699262738619
1,9552,20.0,1789083763535,108699262738619
2,9552,20.0,1789083763535,108699262738619
3,9552,20.0,1789083763535,108699262738619
4,9552,10.0,1789083763535,108699262738619
5,9552,0.0,1789083763535,108699262738619
6,9552,0.0,1789083763535,108699262738619
7,9552,0.0,1789083763535,108699262738619
0,9653,60.0,1789083763636,108699265150815
1,9653,44.4,1789083763636,108699265150815
2,9653,50.0,1789083763636,108699265150815
3,9653,45.5,1789083763636,108699265150815
4,9653,9.1,1789083763636,108699265150815
5,9653,0.0,1789083763636,108699265150815
6,9653,0.0,1789083763636,108699265150815
7,9653,0.0,1789083763636,108699265150815
0,9753,36.4,1789083763736,108699267563348
1,9753,20.0,1789083763736,108699267563348
2,9753,20.0,1789083763736,108699267563348
3,9753,20.0,1789083763736,108699267563348
4,9753,0.0,1789083763736,108699267563348
5,9753,0.0,1789083763736,108699267563348
6,9753,0.0,1789083763736,108699267563348
7,9753,0.0,1789083763736,108699267563348
0,9854,54.5,1789083763837,108699269977073
1,9854,44.4,1789083763837,108699269977073
2,9854,40.0,1789083763837,108699269977073
3,9854,44.4,1789083763837,108699269977073
4,9854,10.0,1789083763837,108699269977073
5,9854,0.0,1789083763837,108699269977073
6,9854,0.0,1789083763837,108699269977073
7,9854,0.0,1789083763837,108699269977073
0,9954,36.4,1789083763937,108699272390340
1,9954,20.0,1789083763937,108699272390340
2,9954,20.0,1789083763937,108699272390340
3,9954,20.0,1789083763937,108699272390340
4,9954,10.0,1789083763937,108699272390340
5,9954,0.0,1789083763937,108699272390340
6,9954,0.0,1789083763937,108699272390340
7,9954,10.0,1789083763937,108699272390340
0,10055,63.6,1789083764038,108699274805389
1,10055,40.0,1789083764038,108699274805389
2,10055,37.5,1789083764038,108699274805389
3,10055,33.3,1789083764038,108699274805389
4,10055,10.0,1789083764038,108699274805389
5,10055,0.0,1789083764038,108699274805389
6,10055,0.0,1789083764038,108699274805389
7,10055,0.0,1789083764038,108699274805389
0,10155,30.0,1789083764138,108699277217255
1,10155,20.0,1789083764138,108699277217255
2,10155,27.3,1789083764138,108699277217255
3,10155,20.0,1789083764138,108699277217255
4,10155,0.0,1789083764138,108699277217255
5,10155,0.0,1789083764138,108699277217255
6,10155,0.0,1789083764138,108699277217255
7,10155,0.0,1789083764138,108699277217255
0,10256,54.5,1789083764239,108699279633539
1,10256,50.0,1789083764239,108699279633539
2,10256,40.0,1789083764239,108699279633539
3,10256,44.4,1789083764239,108699279633539
4,10256,10.0,1789083764239,108699279633539
5,10256,0.0,1789083764239,108699279633539
6,10256,0.0,1789083764239,108699279633539
7,10256,0.0,1789083764239,108699279633539
0,10357,36.4,1789083764340,108699282047083
1,10357,11.1,1789083764340,108699282047083
2,10357,11.1,1789083764340,108699282047083
3,10357,11.1,1789083764340,108699282047083
4,10357,10.0,1789083764340,108699282047083
5,10357,9.1,1789083764340,108699282047083
6,10357,0.0,1789083764340,108699282047083
7,10357,0.0,1789083764340,108699282047083
0,10457,60.0,1789083764440,108699284460226
1,10457,40.0,1789083764440,108699284460226
2,10457,44.4,1789083764440,108699284460226
3,10457,40.0,1789083764440,108699284460226
4,10457,10.0,1789083764440,108699284460226
5,10457,0.0,1789083764440,108699284460226
6,10457,0.0,1789083764440,108699284460226
7,10457,0.0,1789083764440,108699284460226
0,10558,38.5,1789083764541,108699286872786
1,10558,22.2,1789083764541,108699286872786
2,10558,20.0,1789083764541,108699286872786
3,10558,27.3,1789083764541,108699286872786
4,10558,0.0,1789083764541,108699286872786
5,10558,0.0,1789083764541,108699286872786
6,10558,0.0,1789083764541,108699286872786
7,10558,0.0,1789083764541,108699286872786
0,10658,60.0,1789083764641,108699289285738
1,10658,45.5,1789083764641,108699289285738
2,10658,45.5,1789083764641,108699289285738
3,10658,44.4,1789083764641,108699289285738
4,10658,18.2,1789083764641,108699289285738
5,10658,0.0,1789083764641,108699289285738
6,10658,0.0,1789083764641,108699289285738
7,10658,0.0,1789083764641,108699289285738
0,10759,30.0,1789083764742,108699291698148
1,10759,20.0,1789083764742,108699291698148
2,10759,20.0,1789083764742,108699291698148
3,10759,20.0,1789083764742,108699291698148
4,10759,0.0,1789083764742,108699291698148
5,10759,0.0,1789083764742,108699291698148
6,10759,0.0,1789083764742,108699291698148
7,10759,0.0,1789083764742,108699291698148
0,10859,58.3,1789083764842,108699294111805
1,10859,44.4,1789083764842,108699294111805
2,10859,44.4,1789083764842,108699294111805
3,10859,40.0,1789083764842,108699294111805
4,10859,18.2,1789083764842,108699294111805
5,10859,10.0,1789083764842,108699294111805
6,10859,0.0,1789083764842,108699294111805
7,10859,9.1,1789083764842,108699294111805
0,10960,30.0,1789083764943,108699296524812
1,10960,27.3,1789083764943,108699296524812
2,10960,20.0,1789083764943,108699296524812
3,10960,20.0,1789083764943,108699296524812
4,10960,0.0,1789083764943,108699296524812
5,10960,0.0,1789083764943,108699296524812
6,10960,0.0,1789083764943,108699296524812
7,10960,0.0,1789083764943,108699296524812
0,11060,60.0,1789083765043,108699298940046
1,11060,40.0,1789083765043,108699298940046
2,11060,40.0,1789083765043,108699298940046
3,11060,50.0,1789083765043,108699298940046
4,11060,10.0,1789083765043,108699298940046
5,11060,0.0,1789083765043,108699298940046
6,11060,0.0,1789083765043,108699298940046
7,11060,0.0,1789083765043,108699298940046
0,11161,36.4,1789083765144,108699301352613
1,11161,30.0,1789083765144,108699301352613
2,11161,30.0,1789083765144,108699301352613
3,11161,27.3,1789083765144,108699301352613
4,11161,10.0,1789083765144,108699301352613
5,11161,0.0,1789083765144,108699301352613
6,11161,0.0,1789083765144,108699301352613
7,11161,0.0,1789083765144,108699301352613
0,11262,54.5,1789083765245,108699303766879
1,11262,33.3,1789083765245,108699303766879
2,11262,33.3,1789083765245,108699303766879
3,11262,33.3,1789083765245,108699303766879
4,11262,10.0,1789083765245,108699303766879
5,11262,0.0,1789083765245,108699303766879
6,11262,0.0,1789083765245,108699303766879
7,11262,0.0,1789083765245,108699303766879
0,11362,41.7,1789083765345,108699306179265
1,11362,30.0,1789083765345,108699306179265
2,11362,27.3,1789083765345,108699306179265
3,11362,22.2,1789083765345,108699306179265
4,11362,0.0,1789083765345,108699306179265
5,11362,0.0,1789083765345,108699306179265
6,11362,0.0,1789083765345,108699306179265
7,11362,0.0,1789083765345,108699306179265
0,11463,50.0,1789083765446,108699308591837
1,11463,40.0,1789083765446,108699308591837
2,11463,40.0,1789083765446,108699308591837
3,11463,40.0,1789083765446,108699308591837
4,11463,10.0,1789083765446,108699308591837
5,11463,0.0,1789083765446,108699308591837
6,11463,0.0,1789083765446,108699308591837
7,11463,0.0,1789083765446,108699308591837
0,11563,36.4,1789083765546,108699311004289
1,11563,20.0,1789083765546,108699311004289
2,11563,22.2,1789083765546,108699311004289
3,11563,27.3,1789083765546,108699311004289
4,11563,10.0,1789083765546,108699311004289
5,11563,0.0,1789083765546,108699311004289
6,11563,0.0,1789083765546,108699311004289
7,11563,0.0,1789083765546,108699311004289
0,11664,54.5,1789083765647,108699313417097
1,11664,40.0,1789083765647,108699313417097
2,11664,40.0,1789083765647,108699313417097
3,11664,40.0,1789083765647,108699313417097
4,11664,10.0,1789083765647,108699313417097
5,11664,0.0,1789083765647,108699313417097
6,11664,0.0,1789083765647,108699313417097
7,11664,0.0,1789083765647,108699313417097
0,11764,45.5,1789083765747,108699315831100
1,11764,30.0,1789083765747,108699315831100
2,11764,30.0,1789083765747,108699315831100
3,11764,30.0,1789083765747,108699315831100
4,11764,0.0,1789083765747,108699315831100
5,11764,0.0,1789083765747,108699315831100
6,11764,0.0,1789083765747,108699315831100
7,11764,0.0,1789083765747,108699315831100
0,11865,50.0,1789083765848,108699318243347
1,11865,40.0,1789083765848,108699318243347
2,11865,36.4,1789083765848,108699318243347
3,11865,40.0,1789083765848,108699318243347
4,11865,18.2,1789083765848,108699318243347
5,11865,0.0,1789083765848,108699318243347
6,11865,0.0,1789083765848,108699318243347
7,11865,0.0,1789083765848,108699318243347
0,11965,41.7,1789083765948,108699320655653
1,11965,30.0,1789083765948,108699320655653
2,11965,30.0,1789083765948,108699320655653
3,11965,20.0,1789083765948,108699320655653
4,11965,0.0,1789083765948,108699320655653
5,11965,0.0,1789083765948,108699320655653
6,11965,0.0,1789083765948,108699320655653
7,11965,0.0,1789083765948,108699320655653
0,12066,44.4,1789083766049,108699323068401
1,12066,33.3,1789083766049,108699323068401
2,12066,33.3,1789083766049,108699323068401
3,12066,40.0,1789083766049,108699323068401
4,12066,10.0,1789083766049,108699323068401
5,12066,0.0,1789083766049,108699323068401
6,12066,0.0,1789083766049,108699323068401
7,12066,0.0,1789083766049,108699323068401
0,12166,45.5,1789083766149,108699325480596
1,12166,30.0,1789083766149,108699325480596
2,12166,36.4,1789083766149,108699325480596
3,12166,30.0,1789083766149,108699325480596
4,12166,0.0,1789083766149,108699325480596
5,12166,0.0,1789083766149,108699325480596
6,12166,0.0,1789083766149,108699325480596
7,12166,0.0,1789083766149,108699325480596
0,12267,50.0,1789083766250,108699327893723
1,12267,36.4,1789083766250,108699327893723
2,12267,36.4,1789083766250,108699327893723
3,12267,40.0,1789083766250,108699327893723
4,12267,10.0,1789083766250,108699327893723
5,12267,0.0,1789083766250,108699327893723
6,12267,0.0,1789083766250,108699327893723
7,12267,0.0,1789083766250,108699327893723
0,12367,41.7,1789083766350,108699330306627
1,12367,30.0,1789083766350,108699330306627
2,12367,22.2,1789083766350,108699330306627
3,12367,30.0,1789083766350,108699330306627
4,12367,10.0,1789083766350,108699330306627
5,12367,0.0,1789083766350,108699330306627
6,12367,0.0,1789083766350,108699330306627
7,12367,0.0,1789083766350,108699330306627
0,12468,50.0,1789083766451,108699332721499
1,12468,40.0,1789083766451,108699332721499
2,12468,40.0,1789083766451,108699332721499
3,12468,30.0,1789083766451,108699332721499
4,12468,10.0,1789083766451,108699332721499
5,12468,0.0,1789083766451,108699332721499
6,12468,0.0,1789083766451,108699332721499
7,12468,0.0,1789083766451,108699332721499
0,12569,50.0,1789083766552,108699335133962
1,12569,30.0,1789083766552,108699335133962
2,12569,30.0,1789083766552,108699335133962
3,12569,36.4,1789083766552,108699335133962
4,12569,0.0,1789083766552,108699335133962
5,12569,0.0,1789083766552,108699335133962
6,12569,0.0,1789083766552,108699335133962
7,12569,0.0,1789083766552,108699335133962
0,12669,45.5,1789083766652,108699337546219
1,12669,33.3,1789083766652,108699337546219
2,12669,33.3,1789083766652,108699337546219
3,12669,33.3,1789083766652,108699337546219
4,12669,18.2,1789083766652,108699337546219
5,12669,0.0,1789083766652,108699337546219
6,12669,0.0,1789083766652,108699337546219
7,12669,0.0,1789083766652,108699337546219
0,12770,45.5,1789083766753,108699339959690
1,12770,36.4,1789083766753,108699339959690
2,12770,36.4,1789083766753,108699339959690
3,12770,30.0,1789083766753,108699339959690
4,12770,0.0,1789083766753,108699339959690
5,12770,0.0,1789083766753,108699339959690
6,12770,0.0,1789083766753,108699339959690
7,12770,0.0,1789083766753,108699339959690
0,12870,50.0,1789083766853,108699342371982
1,12870,30.0,1789083766853,108699342371982
2,12870,30.0,1789083766853,108699342371982
3,12870,36.4,1789083766853,108699342371982
4,12870,10.0,1789083766853,108699342371982
5,12870,0.0,1789083766853,108699342371982
6,12870,0.0,1789083766853,108699342371982
7,12870,0.0,1789083766853,108699342371982
0,12971,45.5,1789083766954,108699344784829
1,12971,33.3,1789083766954,108699344784829
2,12971,30.0,1789083766954,108699344784829
3,12971,30.0,1789083766954,108699344784829
4,12971,9.1,1789083766954,108699344784829
5,12971,0.0,1789083766954,108699344784829
6,12971,0.0,1789083766954,108699344784829
7,12971,0.0,1789083766954,108699344784829
0,13071,45.5,1789083767054,108699347197581
1,13071,30.0,1789083767054,108699347197581
2,13071,45.5,1789083767054,108699347197581
3,13071,33.3,1789083767054,108699347197581
4,13071,10.0,1789083767054,108699347197581
5,13071,0.0,1789083767054,108699347197581
6,13071,0.0,1789083767054,108699347197581
7,13071,0.0,1789083767054,108699347197581
0,13172,40.0,1789083767155,108699349610406
1,13172,36.4,1789083767155,108699349610406
2,13172,30.0,1789083767155,108699349610406
3,13172,30.0,1789083767155,108699349610406
4,13172,0.0,1789083767155,108699349610406
5,13172,0.0,1789083767155,108699349610406
6,13172,0.0,1789083767155,108699349610406
7,13172,0.0,1789083767155,108699349610406
0,13272,50.0,1789083767255,108699352022698
1,13272,33.3,1789083767255,108699352022698
2,13272,30.0,1789083767255,108699352022698
3,13272,36.4,1789083767255,108699352022698
4,13272,10.0,1789083767255,108699352022698
5,13272,0.0,1789083767255,108699352022698
6,13272,0.0,1789083767255,108699352022698
7,13272,0.0,1789083767255,108699352022698
0,13373,54.5,1789083767356,108699354435637
1,13373,36.4,1789083767356,108699354435637
2,13373,36.4,1789083767356,108699354435637
3,13373,30.0,1789083767356,108699354435637
4,13373,10.0,1789083767356,108699354435637
5,13373,0.0,1789083767356,108699354435637
6,13373,0.0,1789083767356,108699354435637
7,13373,0.0,1789083767356,108699354435637
0,13473,50.0,1789083767456,108699356848347
1,13473,30.0,1789083767456,108699356848347
2,13473,33.3,1789083767456,108699356848347
3,13473,33.3,1789083767456,108699356848347
4,13473,10.0,1789083767456,108699356848347
5,13473,0.0,1789083767456,108699356848347
6,13473,0.0,1789083767456,108699356848347
7,13473,0.0,1789083767456,108699356848347
0,13574,40.0,1789083767557,108699359260652
1,13574,33.3,1789083767557,108699359260652
2,13574,30.0,1789083767557,108699359260652
3,13574,36.4,1789083767557,108699359260652
4,13574,0.0,1789083767557,108699359260652
5,13574,0.0,1789083767557,108699359260652
6,13574,0.0,1789083767557,108699359260652
7,13574,9.1,1789083767557,108699359260652
0,13674,45.5,1789083767657,108699361672921
1,13674,30.0,1789083767657,108699361672921
2,13674,30.0,1789083767657,108699361672921
3,13674,30.0,1789083767657,108699361672921
4,13674,18.2,1789083767657,108699361672921
5,13674,0.0,1789083767657,108699361672921
6,13674,0.0,1789083767657,108699361672921
7,13674,0.0,1789083767657,108699361672921
0,13775,50.0,1789083767758,108699364086370
1,13775,40.0,1789083767758,108699364086370
2,13775,33.3,1789083767758,108699364086370
3,13775,33.3,1789083767758,108699364086370
4,13775,10.0,1789083767758,108699364086370
5,13775,9.1,1789083767758,108699364086370
6,13775,0.0,1789083767758,108699364086370
7,13775,0.0,1789083767758,108699364086370
0,13875,40.0,1789083767858,108699366499723
1,13875,22.2,1789083767858,108699366499723
2,13875,30.0,1789083767858,108699366499723
3,13875,30.0,1789083767858,108699366499723
4,13875,0.0,1789083767858,108699366499723
5,13875,0.0,1789083767858,108699366499723
6,13875,9.1,1789083767858,108699366499723
7,13875,0.0,1789083767858,108699366499723
0,13976,50.0,1789083767959,108699368913330
1,13976,36.4,1789083767959,108699368913330
2,13976,30.0,1789083767959,108699368913330
3,13976,30.0,1789083767959,108699368913330
4,13976,9.1,1789083767959,108699368913330
5,13976,0.0,1789083767959,108699368913330
6,13976,0.0,1789083767959,108699368913330
7,13976,0.0,1789083767959,108699368913330
0,14077,45.5,1789083768060,108699371326373
1,14077,30.0,1789083768060,108699371326373
2,14077,36.4,1789083768060,108699371326373
3,14077,40.0,1789083768060,108699371326373
4,14077,10.0,1789083768060,108699371326373
5,14077,0.0,1789083768060,108699371326373
6,14077,0.0,1789083768060,108699371326373
7,14077,0.0,1789083768060,108699371326373
0,14177,50.0,1789083768160,108699373739761
1,14177,33.3,1789083768160,108699373739761
2,14177,33.3,1789083768160,108699373739761
3,14177,40.0,1789083768160,108699373739761
4,14177,0.0,1789083768160,108699373739761
5,14177,0.0,1789083768160,108699373739761
6,14177,0.0,1789083768160,108699373739761
7,14177,0.0,1789083768160,108699373739761
0,14278,36.4,1789083768261,108699376152217
1,14278,30.0,1789083768261,108699376152217
2,14278,30.0,1789083768261,108699376152217
3,14278,22.2,1789083768261,108699376152217
4,14278,10.0,1789083768261,108699376152217
5,14278,0.0,1789083768261,108699376152217
6,14278,0.0,1789083768261,108699376152217
7,14278,0.0,1789083768261,108699376152217
0,14378,54.5,1789083768361,108699378565390
1,14378,40.0,1789083768361,108699378565390
2,14378,33.3,1789083768361,108699378565390
3,14378,36.4,1789083768361,108699378565390
4,14378,9.1,1789083768361,108699378565390
5,14378,0.0,1789083768361,108699378565390
6,14378,0.0,1789083768361,108699378565390
7,14378,0.0,1789083768361,108699378565390
0,14479,40.0,1789083768462,108699380977757
1,14479,30.0,1789083768462,108699380977757
2,14479,27.3,1789083768462,108699380977757
3,14479,22.2,1789083768462,108699380977757
4,14479,10.0,1789083768462,108699380977757
5,14479,0.0,1789083768462,108699380977757
6,14479,0.0,1789083768462,108699380977757
7,14479,0.0,1789083768462,108699380977757
0,14579,54.5,1789083768562,108699383390971
1,14579,40.0,1789083768562,108699383390971
2,14579,40.0,1789083768562,108699383390971
3,14579,40.0,1789083768562,108699383390971
4,14579,0.0,1789083768562,108699383390971
5,14579,0.0,1789083768562,108699383390971
6,14579,0.0,1789083768562,108699383390971
7,14579,0.0,1789083768562,108699383390971
0,14680,36.4,1789083768663,108699385803397
1,14680,27.3,1789083768663,108699385803397
2,14680,22.2,1789083768663,108699385803397
3,14680,30.0,1789083768663,108699385803397
4,14680,10.0,1789083768663,108699385803397
5,14680,0.0,1789083768663,108699385803397
6,14680,0.0,1789083768663,108699385803397
7,14680,0.0,1789083768663,108699385803397
0,14780,54.5,1789083768763,108699388217970
1,14780,37.5,1789083768763,108699388217970
2,14780,45.5,1789083768763,108699388217970
3,14780,40.0,1789083768763,108699388217970
4,14780,9.1,1789083768763,108699388217970
5,14780,9.1,1789083768763,108699388217970
6,14780,0.0,1789083768763,108699388217970
7,14780,0.0,1789083768763,108699388217970
0,14881,30.0,1789083768864,108699390630643
1,14881,27.3,1789083768864,108699390630643
2,14881,20.0,1789083768864,108699390630643
3,14881,20.0,1789083768864,108699390630643
4,14881,10.0,1789083768864,108699390630643
5,14881,0.0,1789083768864,108699390630643
6,14881,0.0,1789083768864,108699390630643
7,14881,0.0,1789083768864,108699390630643
0,14982,50.0,1789083768965,108699393044406
1,14982,40.0,1789083768965,108699393044406
2,14982,44.4,1789083768965,108699393044406
3,14982,40.0,1789083768965,108699393044406
4,14982,0.0,1789083768965,108699393044406
5,14982,0.0,1789083768965,108699393044406
6,14982,0.0,1789083768965,108699393044406
7,14982,9.1,1789083768965,108699393044406
0,15082,45.5,1789083769065,108699395457021
1,15082,30.0,1789083769065,108699395457021
2,15082,27.3,1789083769065,108699395457021
3,15082,30.0,1789083769065,108699395457021
4,15082,18.2,1789083769065,108699395457021
5,15082,0.0,1789083769065,108699395457021
6,15082,0.0,1789083769065,108699395457021
7,15082,0.0,1789083769065,108699395457021
0,15183,54.5,1789083769166,108699397870226
1,15183,40.0,1789083769166,108699397870226
2,15183,40.0,1789083769166,108699397870226
3,15183,40.0,1789083769166,108699397870226
4,15183,0.0,1789083769166,108699397870226
5,15183,0.0,1789083769166,108699397870226
6,15183,0.0,1789083769166,108699397870226
7,15183,0.0,1789083769166,108699397870226
0,15283,30.0,1789083769266,108699400283232
1,15283,20.0,1789083769266,108699400283232
2,15283,27.3,1789083769266,108699400283232
3,15283,20.0,1789083769266,108699400283232
4,15283,10.0,1789083769266,108699400283232
5,15283,0.0,1789083769266,108699400283232
6,15283,0.0,1789083769266,108699400283232
7,15283,0.0,1789083769266,108699400283232
0,15384,54.5,1789083769367,108699402696672
1,15384,44.4,1789083769367,108699402696672
2,15384,44.4,1789083769367,108699402696672
3,15384,40.0,1789083769367,108699402696672
4,15384,10.0,1789083769367,108699402696672
5,15384,0.0,1789083769367,108699402696672
6,15384,0.0,1789083769367,108699402696672
7,15384,0.0,1789083769367,108699402696672
0,15484,36.4,1789083769467,108699405110146
1,15484,27.3,1789083769467,108699405110146
2,15484,20.0,1789083769467,108699405110146
3,15484,30.0,1789083769467,108699405110146
4,15484,10.0,1789083769467,108699405110146
5,15484,0.0,1789083769467,108699405110146
6,15484,0.0,1789083769467,108699405110146
7,15484,0.0,1789083769467,108699405110146
0,15585,60.0,1789083769568,108699407523387
1,15585,40.0,1789083769568,108699407523387
2,15585,40.0,1789083769568,108699407523387
3,15585,40.0,1789083769568,108699407523387
4,15585,9.1,1789083769568,108699407523387
5,15585,0.0,1789083769568,108699407523387
6,15585,0.0,1789083769568,108699407523387
7,15585,0.0,1789083769568,108699407523387
0,15685,36.4,1789083769668,108699409935972
1,15685,22.2,1789083769668,108699409935972
2,15685,20.0,1789083769668,108699409935972
3,15685,27.3,1789083769668,108699409935972
4,15685,0.0,1789083769668,108699409935972
5,15685,0.0,1789083769668,108699409935972
6,15685,0.0,1789083769668,108699409935972
7,15685,0.0,1789083769668,108699409935972
0,15786,54.5,1789083769769,108699412348734
1,15786,45.5,1789083769769,108699412348734
2,15786,44.4,1789083769769,108699412348734
3,15786,33.3,1789083769769,108699412348734
4,15786,10.0,1789083769769,108699412348734
5,15786,0.0,1789083769769,108699412348734
6,15786,0.0,1789083769769,108699412348734
7,15786,0.0,1789083769769,108699412348734
0,15886,36.4,1789083769869,108699414761699
1,15886,27.3,1789083769869,108699414761699
2,15886,20.0,1789083769869,108699414761699
3,15886,20.0,1789083769869,108699414761699
4,15886,10.0,1789083769869,108699414761699
5,15886,0.0,1789083769869,108699414761699
6,15886,0.0,1789083769869,108699414761699
7,15886,0.0,1789083769869,108699414761699
0,15987,50.0,1789083769970,108699417177206
1,15987,37.5,1789083769970,108699417177206
2,15987,40.0,1789083769970,108699417177206
3,15987,44.4,1789083769970,108699417177206
4,15987,10.0,1789083769970,108699417177206
5,15987,0.0,1789083769970,108699417177206
6,15987,0.0,1789083769970,108699417177206
7,15987,0.0,1789083769970,108699417177206
0,16088,40.0,1789083770071,108699419592196
1,16088,20.0,1789083770071,108699419592196
2,16088,22.2,1789083770071,108699419592196
3,16088,20.0,1789083770071,108699419592196
4,16088,9.1,1789083770071,108699419592196
5,16088,0.0,1789083770071,108699419592196
6,16088,0.0,1789083770071,108699419592196
7,16088,0.0,1789083770071,108699419592196
0,16188,58.3,1789083770171,108699422007457
1,16188,45.5,1789083770171,108699422007457
2,16188,45.5,1789083770171,108699422007457
3,16188,45.5,1789083770171,108699422007457
4,16188,10.0,1789083770171,108699422007457
5,16188,0.0,1789083770171,108699422007457
6,16188,0.0,1789083770171,108699422007457
7,16188,9.1,1789083770171,108699422007457
0,16289,30.0,1789083770272,108699424420377
1,16289,22.2,1789083770272,108699424420377
2,16289,20.0,1789083770272,108699424420377
3,16289,20.0,1789083770272,108699424420377
4,16289,10.0,1789083770272,108699424420377
5,16289,0.0,1789083770272,108699424420377
6,16289,0.0,1789083770272,108699424420377
7,16289,0.0,1789083770272,108699424420377
0,16389,58.3,1789083770372,108699426833250
1,16389,40.0,1789083770372,108699426833250
2,16389,40.0,1789083770372,108699426833250
3,16389,44.4,1789083770372,108699426833250
4,16389,0.0,1789083770372,108699426833250
5,16389,0.0,1789083770372,108699426833250
6,16389,0.0,1789083770372,108699426833250
7,16389,0.0,1789083770372,108699426833250
0,16490,30.0,1789083770473,108699429245906
1,16490,20.0,1789083770473,108699429245906
2,16490,22.2,1789083770473,108699429245906
3,16490,20.0,1789083770473,108699429245906
4,16490,9.1,1789083770473,108699429245906
5,16490,0.0,1789083770473,108699429245906
6,16490,0.0,1789083770473,108699429245906
7,16490,0.0,1789083770473,108699429245906
0,16590,60.0,1789083770573,108699431658684
1,16590,44.4,1789083770573,108699431658684
2,16590,45.5,1789083770573,108699431658684
3,16590,40.0,1789083770573,108699431658684
4,16590,10.0,1789083770573,108699431658684
5,16590,0.0,1789083770573,108699431658684
6,16590,0.0,1789083770573,108699431658684
7,16590,0.0,1789083770573,108699431658684
0,16691,36.4,1789083770674,108699434070916
1,16691,27.3,1789083770674,108699434070916
2,16691,20.0,1789083770674,108699434070916
3,16691,27.3,1789083770674,108699434070916
4,16691,0.0,1789083770674,108699434070916
5,16691,0.0,1789083770674,108699434070916
6,16691,0.0,1789083770674,108699434070916
7,16691,0.0,1789083770674,108699434070916
0,16792,54.5,1789083770775,108699436484200
1,16792,40.0,1789083770775,108699436484200
2,16792,40.0,1789083770775,108699436484200
3,16792,37.5,1789083770775,108699436484200
4,16792,18.2,1789083770775,108699436484200
5,16792,0.0,1789083770775,108699436484200
6,16792,0.0,1789083770775,108699436484200
7,16792,0.0,1789083770775,108699436484200
0,16892,30.0,1789083770875,108699438898130
1,16892,20.0,1789083770875,108699438898130
2,16892,22.2,1789083770875,108699438898130
3,16892,27.3,1789083770875,108699438898130
4,16892,0.0,1789083770875,108699438898130
5,16892,0.0,1789083770875,108699438898130
6,16892,0.0,1789083770875,108699438898130
7,16892,0.0,1789083770875,108699438898130
0,16993,58.3,1789083770976,108699441311048
1,16993,44.4,1789083770976,108699441311048
2,16993,40.0,1789083770976,108699441311048
3,16993,40.0,1789083770976,108699441311048
4,16993,10.0,1789083770976,108699441311048
5,16993,0.0,1789083770976,108699441311048
6,16993,0.0,1789083770976,108699441311048
7,16993,0.0,1789083770976,108699441311048
0,17093,30.0,1789083771076,108699443723780
1,17093,20.0,1789083771076,108699443723780
2,17093,20.0,1789083771076,108699443723780
3,17093,22.2,1789083771076,108699443723780
4,17093,10.0,1789083771076,108699443723780
5,17093,0.0,1789083771076,108699443723780
6,17093,0.0,1789083771076,108699443723780
7,17093,9.1,1789083771076,108699443723780
0,17194,60.0,1789083771177,108699446136686
1,17194,44.4,1789083771177,108699446136686
2,17194,40.0,1789083771177,108699446136686
3,17194,40.0,1789083771177,108699446136686
4,17194,10.0,1789083771177,108699446136686
5,17194,0.0,1789083771177,108699446136686
6,17194,0.0,1789083771177,108699446136686
7,17194,0.0,1789083771177,108699446136686
0,17294,36.4,1789083771277,108699448549193
1,17294,27.3,1789083771277,108699448549193
2,17294,22.2,1789083771277,108699448549193
3,17294,20.0,1789083771277,108699448549193
4,17294,0.0,1789083771277,108699448549193
5,17294,0.0,1789083771277,108699448549193
6,17294,0.0,1789083771277,108699448549193
7,17294,0.0,1789083771277,108699448549193
0,17395,54.5,1789083771378,108699450963708
1,17395,40.0,1789083771378,108699450963708
2,17395,45.5,1789083771378,108699450963708
3,17395,45.5,1789083771378,108699450963708
4,17395,10.0,1789083771378,108699450963708
5,17395,0.0,1789083771378,108699450963708
6,17395,0.0,1789083771378,108699450963708
7,17395,0.0,1789083771378,108699450963708
0,17495,41.7,1789083771478,108699453376536
1,17495,22.2,1789083771478,108699453376536
2,17495,20.0,1789083771478,108699453376536
3,17495,22.2,1789083771478,108699453376536
4,17495,10.0,1789083771478,108699453376536
5,17495,0.0,1789083771478,108699453376536
6,17495,0.0,1789083771478,108699453376536
7,17495,0.0,1789083771478,108699453376536
0,17596,54.5,1789083771579,108699455790151
1,17596,45.5,1789083771579,108699455790151
2,17596,44.4,1789083771579,108699455790151
3,17596,33.3,1789083771579,108699455790151
4,17596,10.0,1789083771579,108699455790151
5,17596,0.0,1789083771579,108699455790151
6,17596,0.0,1789083771579,108699455790151
7,17596,0.0,1789083771579,108699455790151
0,17696,40.0,1789083771679,108699458202416
1,17696,22.2,1789083771679,108699458202416
2,17696,20.0,1789083771679,108699458202416
3,17696,27.3,1789083771679,108699458202416
4,17696,0.0,1789083771679,108699458202416
5,17696,9.1,1789083771679,108699458202416
6,17696,0.0,1789083771679,108699458202416
7,17696,0.0,1789083771679,108699458202416
0,17797,50.0,1789083771780,108699460615161
1,17797,40.0,1789083771780,108699460615161
2,17797,40.0,1789083771780,108699460615161
3,17797,40.0,1789083771780,108699460615161
4,17797,18.2,1789083771780,108699460615161
5,17797,0.0,1789083771780,108699460615161
6,17797,0.0,1789083771780,108699460615161
7,17797,0.0,1789083771780,108699460615161
0,17898,36.4,1789083771881,108699463027845
1,17898,20.0,1789083771881,108699463027845
2,17898,30.0,1789083771881,108699463027845
3,17898,22.2,1789083771881,108699463027845
4,17898,0.0,1789083771881,108699463027845
5,17898,0.0,1789083771881,108699463027845
6,17898,0.0,1789083771881,108699463027845
7,17898,0.0,1789083771881,108699463027845
0,17998,54.5,1789083771981,108699465440371
1,17998,40.0,1789083771981,108699465440371
2,17998,33.3,1789083771981,108699465440371
3,17998,40.0,1789083771981,108699465440371
4,17998,10.0,1789083771981,108699465440371
5,17998,0.0,1789083771981,108699465440371
6,17998,0.0,1789083771981,108699465440371
7,17998,0.0,1789083771981,108699465440371
0,18099,45.5,1789083772082,108699467853104
1,18099,30.0,1789083772082,108699467853104
2,18099,27.3,1789083772082,108699467853104
3,18099,22.2,1789083772082,108699467853104
4,18099,10.0,1789083772082,108699467853104
5,18099,0.0,1789083772082,108699467853104
6,18099,0.0,1789083772082,108699467853104
7,18099,0.0,1789083772082,108699467853104
0,18199,54.5,1789083772182,108699470265664
1,18199,33.3,1789083772182,108699470265664
2,18199,33.3,1789083772182,108699470265664
3,18199,30.0,1789083772182,108699470265664
4,18199,10.0,1789083772182,108699470265664
5,18199,0.0,1789083772182,108699470265664
6,18199,0.0,1789083772182,108699470265664
7,18199,0.0,1789083772182,108699470265664
0,18300,36.4,1789083772283,108699472678184
1,18300,22.2,1789083772283,108699472678184
2,18300,30.0,1789083772283,108699472678184
3,18300,30.0,1789083772283,108699472678184
4,18300,0.0,1789083772283,108699472678184
5,18300,0.0,1789083772283,108699472678184
6,18300,0.0,1789083772283,108699472678184
7,18300,0.0,1789083772283,108699472678184
0,18400,50.0,1789083772383,108699475092045
1,18400,40.0,1789083772383,108699475092045
2,18400,33.3,1789083772383,108699475092045
3,18400,33.3,1789083772383,108699475092045
4,18400,10.0,1789083772383,108699475092045
5,18400,9.1,1789083772383,108699475092045
6,18400,0.0,1789083772383,108699475092045
7,18400,0.0,1789083772383,108699475092045
0,18501,45.5,1789083772484,108699477504751
1,18501,22.2,1789083772484,108699477504751
2,18501,30.0,1789083772484,108699477504751
3,18501,30.0,1789083772484,108699477504751
4,18501,10.0,1789083772484,108699477504751
5,18501,0.0,1789083772484,108699477504751
6,18501,0.0,1789083772484,108699477504751
7,18501,9.1,1789083772484,108699477504751
0,18601,45.5,1789083772584,108699479918539
1,18601,30.0,1789083772584,108699479918539
2,18601,22.2,1789083772584,108699479918539
3,18601,30.0,1789083772584,108699479918539
4,18601,10.0,1789083772584,108699479918539
5,18601,0.0,1789083772584,108699479918539
6,18601,0.0,1789083772584,108699479918539
7,18601,0.0,1789083772584,108699479918539
0,18702,45.5,1789083772685,108699482331256
1,18702,30.0,1789083772685,108699482331256
2,18702,30.0,1789083772685,108699482331256
3,18702,36.4,1789083772685,108699482331256
4,18702,0.0,1789083772685,108699482331256
5,18702,0.0,1789083772685,108699482331256
6,18702,0.0,1789083772685,108699482331256
7,18702,0.0,1789083772685,108699482331256
0,18802,50.0,1789083772785,108699484743850
1,18802,33.3,1789083772785,108699484743850
2,18802,33.3,1789083772785,108699484743850
3,18802,33.3,1789083772785,108699484743850
4,18802,18.2,1789083772785,108699484743850
5,18802,0.0,1789083772785,108699484743850
6,18802,0.0,1789083772785,108699484743850
7,18802,0.0,1789083772785,108699484743850
0,18903,45.5,1789083772886,108699487157180
1,18903,30.0,1789083772886,108699487157180
2,18903,36.4,1789083772886,108699487157180
3,18903,30.0,1789083772886,108699487157180
4,18903,0.0,1789083772886,108699487157180
5,18903,0.0,1789083772886,108699487157180
6,18903,0.0,1789083772886,108699487157180
7,18903,0.0,1789083772886,108699487157180
0,19003,45.5,1789083772986,108699489569772
1,19003,40.0,1789083772986,108699489569772
2,19003,22.2,1789083772986,108699489569772
3,19003,22.2,1789083772986,108699489569772
4,19003,10.0,1789083772986,108699489569772
5,19003,0.0,1789083772986,108699489569772
6,19003,0.0,1789083772986,108699489569772
7,19003,0.0,1789083772986,108699489569772
0,19104,45.5,1789083773087,108699491983820
1,19104,30.0,1789083773087,108699491983820
2,19104,30.0,1789083773087,108699491983820
3,19104,40.0,1789083773087,108699491983820
4,19104,9.1,1789083773087,108699491983820
5,19104,0.0,1789083773087,108699491983820
6,19104,0.0,1789083773087,108699491983820
7,19104,0.0,1789083773087,108699491983820
0,19205,45.5,1789083773188,108699494396302
1,19205,30.0,1789083773188,108699494396302
2,19205,33.3,1789083773188,108699494396302
3,19205,30.0,1789083773188,108699494396302
4,19205,10.0,1789083773188,108699494396302
5,19205,0.0,1789083773188,108699494396302
6,19205,0.0,1789083773188,108699494396302
7,19205,0.0,1789083773188,108699494396302
0,19305,45.5,1789083773288,108699496809222
1,19305,33.3,1789083773288,108699496809222
2,19305,30.0,1789083773288,108699496809222
3,19305,30.0,1789083773288,108699496809222
4,19305,0.0,1789083773288,108699496809222
5,19305,0.0,1789083773288,108699496809222
6,19305,0.0,1789083773288,108699496809222
7,19305,0.0,1789083773288,108699496809222
0,19406,54.5,1789083773389,108699499221821
1,19406,30.0,1789083773389,108699499221821
2,19406,30.0,1789083773389,108699499221821
3,19406,22.2,1789083773389,108699499221821
4,19406,10.0,1789083773389,108699499221821
5,19406,0.0,1789083773389,108699499221821
6,19406,0.0,1789083773389,108699499221821
7,19406,0.0,1789083773389,108699499221821
0,19506,45.5,1789083773489,108699501634663
1,19506,30.0,1789083773489,108699501634663
2,19506,33.3,1789083773489,108699501634663
3,19506,40.0,1789083773489,108699501634663
4,19506,10.0,1789083773489,108699501634663
5,19506,0.0,1789083773489,108699501634663
6,19506,0.0,1789083773489,108699501634663
7,19506,0.0,1789083773489,108699501634663
0,19607,45.5,1789083773590,108699504047272
1,19607,30.0,1789083773590,108699504047272
2,19607,22.2,1789083773590,108699504047272
3,19607,22.2,1789083773590,108699504047272
4,19607,10.0,1789083773590,108699504047272
5,19607,0.0,1789083773590,108699504047272
6,19607,0.0,1789083773590,108699504047272
7,19607,0.0,1789083773590,108699504047272
0,19707,45.5,1789083773690,108699506459912
1,19707,40.0,1789083773690,108699506459912
2,19707,30.0,1789083773690,108699506459912
3,19707,30.0,1789083773690,108699506459912
4,19707,9.1,1789083773690,108699506459912
5,19707,0.0,1789083773690,108699506459912
6,19707,0.0,1789083773690,108699506459912
7,19707,0.0,1789083773690,108699506459912
0,19808,45.5,1789083773791,108699508874296
1,19808,22.2,1789083773791,108699508874296
2,19808,30.0,1789083773791,108699508874296
3,19808,22.2,1789083773791,108699508874296
4,19808,10.0,1789083773791,108699508874296
5,19808,0.0,1789083773791,108699508874296
6,19808,0.0,1789083773791,108699508874296
7,19808,10.0,1789083773791,108699508874296
0,19908,50.0,1789083773891,108699511288509
1,19908,33.3,1789083773891,108699511288509
2,19908,33.3,1789083773891,108699511288509
3,19908,33.3,1789083773891,108699511288509
4,19908,0.0,1789083773891,108699511288509
5,19908,10.0,1789083773891,108699511288509
6,19908,0.0,1789083773891,108699511288509
7,19908,0.0,1789083773891,108699511288509
0,20009,45.5,1789083773992,108699513701427
1,20009,30.0,1789083773992,108699513701427
2,20009,22.2,1789083773992,108699513701427
3,20009,30.0,1789083773992,108699513701427
4,20009,18.2,1789083773992,108699513701427
5,20009,0.0,1789083773992,108699513701427
6,20009,0.0,1789083773992,108699513701427
7,20009,0.0,1789083773992,108699513701427
0,20110,50.0,1789083774093,108699516114904
1,20110,33.3,1789083774093,108699516114904
2,20110,40.0,1789083774093,108699516114904
3,20110,30.0,1789083774093,108699516114904
4,20110,0.0,1789083774093,108699516114904
5,20110,0.0,1789083774093,108699516114904
6,20110,0.0,1789083774093,108699516114904
7,20110,0.0,1789083774093,108699516114904
0,20210,45.5,1789083774193,108699518527690
1,20210,27.3,1789083774193,108699518527690
2,20210,20.0,1789083774193,108699518527690
3,20210,30.0,1789083774193,108699518527690
4,20210,10.0,1789083774193,108699518527690
5,20210,0.0,1789083774193,108699518527690
6,20210,0.0,1789083774193,108699518527690
7,20210,0.0,1789083774193,108699518527690
0,20311,40.0,1789083774294,108699520940839
1,20311,33.3,1789083774294,108699520940839
2,20311,33.3,1789083774294,108699520940839
3,20311,33.3,1789083774294,108699520940839
4,20311,10.0,1789083774294,108699520940839
5,20311,0.0,1789083774294,108699520940839
6,20311,0.0,1789083774294,108699520940839
7,20311,0.0,1789083774294,108699520940839
0,20411,45.5,1789083774394,108699523353501
1,20411,22.2,1789083774394,108699523353501
2,20411,36.4,1789083774394,108699523353501
3,20411,22.2,1789083774394,108699523353501
4,20411,0.0,1789083774394,108699523353501
5,20411,0.0,1789083774394,108699523353501
6,20411,0.0,1789083774394,108699523353501
7,20411,0.0,1789083774394,108699523353501
0,20512,54.5,1789083774495,108699525766984
1,20512,40.0,1789083774495,108699525766984
2,20512,33.3,1789083774495,108699525766984
3,20512,40.0,1789083774495,108699525766984
4,20512,9.1,1789083774495,108699525766984
5,20512,0.0,1789083774495,108699525766984
6,20512,0.0,1789083774495,108699525766984
7,20512,0.0,1789083774495,108699525766984
0,20612,36.4,1789083774595,108699528179719
1,20612,22.2,1789083774595,108699528179719
2,20612,27.3,1789083774595,108699528179719
3,20612,27.3,1789083774595,108699528179719
4,20612,10.0,1789083774595,108699528179719
5,20612,0.0,1789083774595,108699528179719
6,20612,0.0,1789083774595,108699528179719
7,20612,0.0,1789083774595,108699528179719
0,20713,50.0,1789083774696,108699530592696
1,20713,40.0,1789083774696,108699530592696
2,20713,33.3,1789083774696,108699530592696
3,20713,40.0,1789083774696,108699530592696
4,20713,0.0,1789083774696,108699530592696
5,20713,0.0,1789083774696,108699530592696
6,20713,0.0,1789083774696,108699530592696
7,20713,0.0,1789083774696,108699530592696
0,20813,33.3,1789083774796,108699533005434
1,20813,11.1,1789083774796,108699533005434
2,20813,22.2,1789083774796,108699533005434
3,20813,12.5,1789083774796,108699533005434
4,20813,18.2,1789083774796,108699533005434
5,20813,0.0,1789083774796,108699533005434
6,20813,0.0,1789083774796,108699533005434
7,20813,0.0,1789083774796,108699533005434
0,20914,54.5,1789083774897,108699535418556
1,20914,44.4,1789083774897,108699535418556
2,20914,40.0,1789083774897,108699535418556
3,20914,40.0,1789083774897,108699535418556
4,20914,0.0,1789083774897,108699535418556
5,20914,0.0,1789083774897,108699535418556
6,20914,0.0,1789083774897,108699535418556
7,20914,0.0,1789083774897,108699535418556
0,21014,41.7,1789083774997,108699537832729
1,21014,20.0,1789083774997,108699537832729
2,21014,20.0,1789083774997,108699537832729
3,21014,20.0,1789083774997,108699537832729
4,21014,11.1,1789083774997,108699537832729
5,21014,0.0,1789083774997,108699537832729
6,21014,0.0,1789083774997,108699537832729
7,21014,0.0,1789083774997,108699537832729
0,21115,50.0,1789083775098,108699540245725
1,21115,40.0,1789083775098,108699540245725
2,21115,37.5,1789083775098,108699540245725
3,21115,33.3,1789083775098,108699540245725
4,21115,9.1,1789083775098,108699540245725
5,21115,0.0,1789083775098,108699540245725
6,21115,0.0,1789083775098,108699540245725
7,21115,0.0,1789083775098,108699540245725
0,21215,30.0,1789083775198,108699542658347
1,21215,22.2,1789083775198,108699542658347
2,21215,20.0,1789083775198,108699542658347
3,21215,22.2,1789083775198,108699542658347
4,21215,10.0,1789083775198,108699542658347
5,21215,0.0,1789083775198,108699542658347
6,21215,0.0,1789083775198,108699542658347
7,21215,0.0,1789083775198,108699542658347
0,21316,44.4,1789083775299,108699545072831
1,21316,40.0,1789083775299,108699545072831
2,21316,40.0,1789083775299,108699545072831
3,21316,40.0,1789083775299,108699545072831
4,21316,0.0,1789083775299,108699545072831
5,21316,0.0,1789083775299,108699545072831
6,21316,0.0,1789083775299,108699545072831
7,21316,0.0,1789083775299,108699545072831
0,21417,36.4,1789083775400,108699547485623
1,21417,20.0,1789083775400,108699547485623
2,21417,20.0,1789083775400,108699547485623
3,21417,20.0,1789083775400,108699547485623
4,21417,10.0,1789083775400,108699547485623
5,21417,0.0,1789083775400,108699547485623
6,21417,0.0,1789083775400,108699547485623
7,21417,0.0,1789083775400,108699547485623
0,21517,60.0,1789083775500,108699549898484
1,21517,37.5,1789083775500,108699549898484
2,21517,44.4,1789083775500,108699549898484
3,21517,44.4,1789083775500,108699549898484
4,21517,9.1,1789083775500,108699549898484
5,21517,0.0,1789083775500,108699549898484
6,21517,0.0,1789083775500,108699549898484
7,21517,0.0,1789083775500,108699549898484
0,21618,30.0,1789083775601,108699552311055
1,21618,20.0,1789083775601,108699552311055
2,21618,27.3,1789083775601,108699552311055
3,21618,20.0,1789083775601,108699552311055
4,21618,10.0,1789083775601,108699552311055
5,21618,0.0,1789083775601,108699552311055
6,21618,0.0,1789083775601,108699552311055
7,21618,9.1,1789083775601,108699552311055
0,21718,58.3,1789083775701,108699554723824
1,21718,45.5,1789083775701,108699554723824
2,21718,40.0,1789083775701,108699554723824
3,21718,40.0,1789083775701,108699554723824
4,21718,0.0,1789083775701,108699554723824
5,21718,0.0,1789083775701,108699554723824
6,21718,0.0,1789083775701,108699554723824
7,21718,0.0,1789083775701,108699554723824
0,21819,36.4,1789083775802,108699557136405
1,21819,22.2,1789083775802,108699557136405
2,21819,22.2,1789083775802,108699557136405
3,21819,20.0,1789083775802,108699557136405
4,21819,18.2,1789083775802,108699557136405
5,21819,0.0,1789083775802,108699557136405
6,21819,0.0,1789083775802,108699557136405
7,21819,0.0,1789083775802,108699557136405
0,21919,60.0,1789083775902,108699559549049
1,21919,40.0,1789083775902,108699559549049
2,21919,40.0,1789083775902,108699559549049
3,21919,44.4,1789083775902,108699559549049
4,21919,0.0,1789083775902,108699559549049
5,21919,0.0,1789083775902,108699559549049
6,21919,0.0,1789083775902,108699559549049
7,21919,0.0,1789083775902,108699559549049
0,22020,41.7,1789083776003,108699561961701
1,22020,20.0,1789083776003,108699561961701
2,22020,20.0,1789083776003,108699561961701
3,22020,20.0,1789083776003,108699561961701
4,22020,10.0,1789083776003,108699561961701
5,22020,0.0,1789083776003,108699561961701
6,22020,0.0,1789083776003,108699561961701
7,22020,0.0,1789083776003,108699561961701
0,22120,54.5,1789083776103,108699564377385
1,22120,50.0,1789083776103,108699564377385
2,22120,40.0,1789083776103,108699564377385
3,22120,40.0,1789083776103,108699564377385
4,22120,20.0,1789083776103,108699564377385
5,22120,0.0,1789083776103,108699564377385
6,22120,0.0,1789083776103,108699564377385
7,22120,9.1,1789083776103,108699564377385
0,22221,36.4,1789083776204,108699566792274
1,22221,20.0,1789083776204,108699566792274
2,22221,30.0,1789083776204,108699566792274
3,22221,27.3,1789083776204,108699566792274
4,22221,10.0,1789083776204,108699566792274
5,22221,0.0,1789083776204,108699566792274
6,22221,0.0,1789083776204,108699566792274
7,22221,0.0,1789083776204,108699566792274
0,22322,60.0,1789083776305,108699569206107
1,22322,45.5,1789083776305,108699569206107
2,22322,40.0,1789083776305,108699569206107
3,22322,44.4,1789083776305,108699569206107
4,22322,10.0,1789083776305,108699569206107
5,22322,0.0,1789083776305,108699569206107
6,22322,0.0,1789083776305,108699569206107
7,22322,0.0,1789083776305,108699569206107
0,22422,30.0,1789083776405,108699571618653
1,22422,22.2,1789083776405,108699571618653
2,22422,20.0,1789083776405,108699571618653
3,22422,27.3,1789083776405,108699571618653
4,22422,0.0,1789083776405,108699571618653
5,22422,0.0,1789083776405,108699571618653
6,22422,0.0,1789083776405,108699571618653
7,22422,0.0,1789083776405,108699571618653
0,22523,58.3,1789083776506,108699574031731
1,22523,40.0,1789083776506,108699574031731
2,22523,40.0,1789083776506,108699574031731
3,22523,40.0,1789083776506,108699574031731
4,22523,10.0,1789083776506,108699574031731
5,22523,0.0,1789083776506,108699574031731
6,22523,0.0,1789083776506,108699574031731
7,22523,0.0,1789083776506,108699574031731
0,22623,36.4,1789083776606,108699576444329
1,22623,20.0,1789083776606,108699576444329
2,22623,22.2,1789083776606,108699576444329
3,22623,11.1,1789083776606,108699576444329
4,22623,10.0,1789083776606,108699576444329
5,22623,0.0,1789083776606,108699576444329
6,22623,0.0,1789083776606,108699576444329
7,22623,0.0,1789083776606,108699576444329
0,22724,60.0,1789083776707,108699578857059
1,22724,50.0,1789083776707,108699578857059
2,22724,45.5,1789083776707,108699578857059
3,22724,50.0,1789083776707,108699578857059
4,22724,0.0,1789083776707,108699578857059
5,22724,0.0,1789083776707,108699578857059
6,22724,0.0,1789083776707,108699578857059
7,22724,0.0,1789083776707,108699578857059
0,22824,33.3,1789083776807,108699581272130
1,22824,20.0,1789083776807,108699581272130
2,22824,20.0,1789083776807,108699581272130
3,22824,20.0,1789083776807,108699581272130
4,22824,9.1,1789083776807,108699581272130
5,22824,9.1,1789083776807,108699581272130
6,22824,0.0,1789083776807,108699581272130
7,22824,0.0,1789083776807,108699581272130
0,22925,63.6,1789083776908,108699583685217
1,22925,40.0,1789083776908,108699583685217
2,22925,40.0,1789083776908,108699583685217
3,22925,40.0,1789083776908,108699583685217
4,22925,10.0,1789083776908,108699583685217
5,22925,0.0,1789083776908,108699583685217
6,22925,0.0,1789083776908,108699583685217
7,22925,0.0,1789083776908,108699583685217
0,23025,30.0,1789083777008,108699586097652
1,23025,20.0,1789083777008,108699586097652
2,23025,22.2,1789083777008,108699586097652
3,23025,20.0,1789083777008,108699586097652
4,23025,0.0,1789083777008,108699586097652
5,23025,0.0,1789083777008,108699586097652
6,23025,0.0,1789083777008,108699586097652
7,23025,0.0,1789083777008,108699586097652
0,23126,50.0,1789083777109,108699588510350
1,23126,37.5,1789083777109,108699588510350
2,23126,33.3,1789083777109,108699588510350
3,23126,44.4,1789083777109,108699588510350
4,23126,10.0,1789083777109,108699588510350
5,23126,0.0,1789083777109,108699588510350
6,23126,0.0,1789083777109,108699588510350
7,23126,0.0,1789083777109,108699588510350
0,23227,30.0,1789083777210,108699590922814
1,23227,20.0,1789083777210,108699590922814
2,23227,20.0,1789083777210,108699590922814
3,23227,20.0,1789083777210,108699590922814
4,23227,9.1,1789083777210,108699590922814
5,23227,0.0,1789083777210,108699590922814
6,23227,0.0,1789083777210,108699590922814
7,23227,0.0,1789083777210,108699590922814
0,23327,58.3,1789083777310,108699593335849
1,23327,44.4,1789083777310,108699593335849
2,23327,37.5,1789083777310,108699593335849
3,23327,40.0,1789083777310,108699593335849
4,23327,0.0,1789083777310,108699593335849
5,23327,0.0,1789083777310,108699593335849
6,23327,0.0,1789083777310,108699593335849
7,23327,0.0,1789083777310,108699593335849
0,23428,33.3,1789083777411,108699595749582
1,23428,20.0,1789083777411,108699595749582
2,23428,20.0,1789083777411,108699595749582
3,23428,11.1,1789083777411,108699595749582
4,23428,10.0,1789083777411,108699595749582
5,23428,0.0,1789083777411,108699595749582
6,23428,0.0,1789083777411,108699595749582
7,23428,9.1,1789083777411,108699595749582
0,23528,50.0,1789083777511,108699598163609
1,23528,40.0,1789083777511,108699598163609
2,23528,33.3,1789083777511,108699598163609
3,23528,44.4,1789083777511,108699598163609
4,23528,10.0,1789083777511,108699598163609
5,23528,0.0,1789083777511,108699598163609
6,23528,0.0,1789083777511,108699598163609
7,23528,0.0,1789083777511,108699598163609
0,23629,36.4,1789083777612,108699600576281
1,23629,30.0,1789083777612,108699600576281
2,23629,30.0,1789083777612,108699600576281
3,23629,27.3,1789083777612,108699600576281
4,23629,9.1,1789083777612,108699600576281
5,23629,0.0,1789083777612,108699600576281
6,23629,0.0,1789083777612,108699600576281
7,23629,0.0,1789083777612,108699600576281
0,23729,54.5,1789083777712,108699602988862
1,23729,40.0,1789083777712,108699602988862
2,23729,40.0,1789083777712,108699602988862
3,23729,40.0,1789083777712,108699602988862
4,23729,10.0,1789083777712,108699602988862
5,23729,0.0,1789083777712,108699602988862
6,23729,0.0,1789083777712,108699602988862
7,23729,0.0,1789083777712,108699602988862
0,23830,45.5,1789083777813,108699605401580
1,23830,27.3,1789083777813,108699605401580
2,23830,20.0,1789083777813,108699605401580
3,23830,30.0,1789083777813,108699605401580
4,23830,0.0,1789083777813,108699605401580
5,23830,0.0,1789083777813,108699605401580
6,23830,0.0,1789083777813,108699605401580
7,23830,0.0,1789083777813,108699605401580
0,23930,50.0,1789083777913,108699607814551
1,23930,37.5,1789083777913,108699607814551
2,23930,40.0,1789083777913,108699607814551
3,23930,33.3,1789083777913,108699607814551
4,23930,10.0,1789083777913,108699607814551
5,23930,0.0,1789083777913,108699607814551
6,23930,0.0,1789083777913,108699607814551
7,23930,0.0,1789083777913,108699607814551
0,24031,36.4,1789083778014,108699610227140
1,24031,20.0,1789083778014,108699610227140
2,24031,22.2,1789083778014,108699610227140
3,24031,20.0,1789083778014,108699610227140
4,24031,10.0,1789083778014,108699610227140
5,24031,0.0,1789083778014,108699610227140
6,24031,0.0,1789083778014,108699610227140
7,24031,0.0,1789083778014,108699610227140
0,24131,50.0,1789083778114,108699612639878
1,24131,33.3,1789083778114,108699612639878
2,24131,40.0,1789083778114,108699612639878
3,24131,40.0,1789083778114,108699612639878
4,24131,10.0,1789083778114,108699612639878
5,24131,0.0,1789083778114,108699612639878
6,24131,0.0,1789083778114,108699612639878
7,24131,0.0,1789083778114,108699612639878
0,24232,40.0,1789083778215,108699615053430
1,24232,30.0,1789083778215,108699615053430
2,24232,20.0,1789083778215,108699615053430
3,24232,12.5,1789083778215,108699615053430
4,24232,10.0,1789083778215,108699615053430
5,24232,0.0,1789083778215,108699615053430
6,24232,0.0,1789083778215,108699615053430
7,24232,0.0,1789083778215,108699615053430
0,24333,50.0,1789083778316,108699617466265
1,24333,40.0,1789083778316,108699617466265
2,24333,40.0,1789083778316,108699617466265
3,24333,40.0,1789083778316,108699617466265
4,24333,0.0,1789083778316,108699617466265
5,24333,9.1,1789083778316,108699617466265
6,24333,0.0,1789083778316,108699617466265
7,24333,0.0,1789083778316,108699617466265
0,24433,80.0,1789083778416,108699619878698
1,24433,20.0,1789083778416,108699619878698
2,24433,20.0,1789083778416,108699619878698
3,24433,20.0,1789083778416,108699619878698
4,24433,45.5,1789083778416,108699619878698
5,24433,0.0,1789083778416,108699619878698
6,24433,0.0,1789083778416,108699619878698
7,24433,0.0,1789083778416,108699619878698
0,24534,50.0,1789083778517,108699622291647
1,24534,0.0,1789083778517,108699622291647
2,24534,0.0,1789083778517,108699622291647
3,24534,0.0,1789083778517,108699622291647
4,24534,27.3,1789083778517,108699622291647
5,24534,0.0,1789083778517,108699622291647
6,24534,0.0,1789083778517,108699622291647
7,24534,0.0,1789083778517,108699622291647
0,24634,9.1,1789083778617,108699624705950
1,24634,0.0,1789083778617,108699624705950
2,24634,50.0,1789083778617,108699624705950
3,24634,0.0,1789083778617,108699624705950
4,24634,30.0,1789083778617,108699624705950
5,24634,0.0,1789083778617,108699624705950
6,24634,0.0,1789083778617,108699624705950
7,24634,0.0,1789083778617,108699624705950
0,24735,40.0,1789083778718,108699627118741
1,24735,0.0,1789083778718,108699627118741
2,24735,10.0,1789083778718,108699627118741
3,24735,0.0,1789083778718,108699627118741
4,24735,0.0,1789083778718,108699627118741
5,24735,0.0,1789083778718,108699627118741
6,24735,27.3,1789083778718,108699627118741
7,24735,11.1,1789083778718,108699627118741
0,24835,0.0,1789083778818,108699629530600
1,24835,50.0,1789083778818,108699629530600
2,24835,0.0,1789083778818,108699629530600
3,24835,0.0,1789083778818,108699629530600
4,24835,0.0,1789083778818,108699629530600
5,24835,0.0,1789083778818,108699629530600
6,24835,0.0,1789083778818,108699629530600
7,24835,0.0,1789083778818,108699629530600
0,24936,36.4,1789083778919,108699631942154
1,24936,0.0,1789083778919,108699631942154
2,24936,0.0,1789083778919,108699631942154
3,24936,0.0,1789083778919,108699631942154
4,24936,0.0,1789083778919,108699631942154
5,24936,18.2,1789083778919,108699631942154
6,24936,0.0,1789083778919,108699631942154
7,24936,10.0,1789083778919,108699631942154
0,25036,10.0,1789083779019,108699634355474
1,25036,0.0,1789083779019,108699634355474
2,25036,0.0,1789083779019,108699634355474
3,25036,0.0,1789083779019,108699634355474
4,25036,10.0,1789083779019,108699634355474
5,25036,0.0,1789083779019,108699634355474
6,25036,0.0,1789083779019,108699634355474
7,25036,0.0,1789083779019,108699634355474
0,25137,0.0,1789083779120,108699636767429
1,25137,0.0,1789083779120,108699636767429
2,25137,0.0,1789083779120,108699636767429
3,25137,0.0,1789083779120,108699636767429
4,25137,70.0,1789083779120,108699636767429
5,25137,0.0,1789083779120,108699636767429
6,25137,18.2,1789083779120,108699636767429
7,25137,0.0,1789083779120,108699636767429
0,25237,0.0,1789083779220,108699639180399
1,25237,0.0,1789083779220,108699639180399
2,25237,0.0,1789083779220,108699639180399
3,25237,0.0,1789083779220,108699639180399
4,25237,100.0,1789083779220,108699639180399
5,25237,0.0,1789083779220,108699639180399
6,25237,0.0,1789083779220,108699639180399
7,25237,0.0,1789083779220,108699639180399
0,25338,0.0,1789083779321,108699641591978
1,25338,0.0,1789083779321,108699641591978
2,25338,0.0,1789083779321,108699641591978
3,25338,0.0,1789083779321,108699641591978
4,25338,100.0,1789083779321,108699641591978
5,25338,0.0,1789083779321,108699641591978
6,25338,0.0,1789083779321,108699641591978
7,25338,0.0,1789083779321,108699641591978
0,25438,0.0,1789083779421,108699644003226
1,25438,0.0,1789083779421,108699644003226
2,25438,0.0,1789083779421,108699644003226
3,25438,0.0,1789083779421,108699644003226
4,25438,100.0,1789083779421,108699644003226
5,25438,0.0,1789083779421,108699644003226
6,25438,0.0,1789083779421,108699644003226
7,25438,0.0,1789083779421,108699644003226
0,25539,0.0,1789083779522,108699646414443
1,25539,0.0,1789083779522,108699646414443
2,25539,0.0,1789083779522,108699646414443
3,25539,0.0,1789083779522,108699646414443
4,25539,100.0,1789083779522,108699646414443
5,25539,0.0,1789083779522,108699646414443
6,25539,0.0,1789083779522,108699646414443
7,25539,0.0,1789083779522,108699646414443
0,25639,0.0,1789083779622,108699648825974
1,25639,0.0,1789083779622,108699648825974
2,25639,0.0,1789083779622,108699648825974
3,25639,0.0,1789083779622,108699648825974
4,25639,100.0,1789083779622,108699648825974
5,25639,0.0,1789083779622,108699648825974
6,25639,0.0,1789083779622,108699648825974
7,25639,0.0,1789083779622,108699648825974
0,25740,0.0,1789083779723,108699651237364
1,25740,0.0,1789083779723,108699651237364
2,25740,0.0,1789083779723,108699651237364
3,25740,0.0,1789083779723,108699651237364
4,25740,100.0,1789083779723,108699651237364
5,25740,0.0,1789083779723,108699651237364
6,25740,0.0,1789083779723,108699651237364
7,25740,0.0,1789083779723,108699651237364
0,25840,0.0,1789083779823,108699653650375
1,25840,0.0,1789083779823,108699653650375
2,25840,0.0,1789083779823,108699653650375
3,25840,0.0,1789083779823,108699653650375
4,25840,100.0,1789083779823,108699653650375
5,25840,0.0,1789083779823,108699653650375
6,25840,0.0,1789083779823,108699653650375
7,25840,0.0,1789083779823,108699653650375
0,25941,0.0,1789083779924,108699656061811
1,25941,0.0,1789083779924,108699656061811
2,25941,0.0,1789083779924,108699656061811
3,25941,0.0,1789083779924,108699656061811
4,25941,100.0,1789083779924,108699656061811
5,25941,0.0,1789083779924,108699656061811
6,25941,0.0,1789083779924,108699656061811
7,25941,0.0,1789083779924,108699656061811
0,26041,0.0,1789083780024,108699658473032
1,26041,0.0,1789083780024,108699658473032
2,26041,0.0,1789083780024,108699658473032
3,26041,0.0,1789083780024,108699658473032
4,26041,100.0,1789083780024,108699658473032
5,26041,0.0,1789083780024,108699658473032
6,26041,0.0,1789083780024,108699658473032
7,26041,0.0,1789083780024,108699658473032
0,26142,0.0,1789083780125,108699660884341
1,26142,10.0,1789083780125,108699660884341
2,26142,0.0,1789083780125,108699660884341
3,26142,0.0,1789083780125,108699660884341
4,26142,100.0,1789083780125,108699660884341
5,26142,0.0,1789083780125,108699660884341
6,26142,0.0,1789083780125,108699660884341
7,26142,0.0,1789083780125,108699660884341
0,26242,0.0,1789083780225,108699663297553
1,26242,0.0,1789083780225,108699663297553
2,26242,0.0,1789083780225,108699663297553
3,26242,0.0,1789083780225,108699663297553
4,26242,88.9,1789083780225,108699663297553
5,26242,0.0,1789083780225,108699663297553
6,26242,0.0,1789083780225,108699663297553
7,26242,25.0,1789083780225,108699663297553
0,26343,0.0,1789083780326,108699665710755
1,26343,0.0,1789083780326,108699665710755
2,26343,0.0,1789083780326,108699665710755
3,26343,0.0,1789083780326,108699665710755
4,26343,0.0,1789083780326,108699665710755
5,26343,0.0,1789083780326,108699665710755
6,26343,0.0,1789083780326,108699665710755
7,26343,100.0,1789083780326,108699665710755
0,26443,0.0,1789083780426,108699668123932
1,26443,0.0,1789083780426,108699668123932
2,26443,0.0,1789083780426,108699668123932
3,26443,0.0,1789083780426,108699668123932
4,26443,0.0,1789083780426,108699668123932
5,26443,0.0,1789083780426,108699668123932
6,26443,0.0,1789083780426,108699668123932
7,26443,100.0,1789083780426,108699668123932
0,26544,0.0,1789083780527,108699670539228
1,26544,0.0,1789083780527,108699670539228
2,26544,0.0,1789083780527,108699670539228
3,26544,0.0,1789083780527,108699670539228
4,26544,0.0,1789083780527,108699670539228
5,26544,0.0,1789083780527,108699670539228
6,26544,0.0,1789083780527,108699670539228
7,26544,100.0,1789083780527,108699670539228
0,26644,80.0,1789083780627,108699672952267
1,26644,0.0,1789083780627,108699672952267
2,26644,0.0,1789083780627,108699672952267
3,26644,0.0,1789083780627,108699672952267
4,26644,0.0,1789083780627,108699672952267
5,26644,0.0,1789083780627,108699672952267
6,26644,0.0,1789083780627,108699672952267
7,26644,27.3,1789083780627,108699672952267
0,26745,100.0,1789083780728,108699675365427
1,26745,0.0,1789083780728,108699675365427
2,26745,0.0,1789083780728,108699675365427
3,26745,0.0,1789083780728,108699675365427
4,26745,0.0,1789083780728,108699675365427
5,26745,0.0,1789083780728,108699675365427
6,26745,0.0,1789083780728,108699675365427
7,26745,0.0,1789083780728,108699675365427
0,26846,100.0,1789083780829,108699677778571
1,26846,0.0,1789083780829,108699677778571
2,26846,0.0,1789083780829,108699677778571
3,26846,0.0,1789083780829,108699677778571
4,26846,0.0,1789083780829,108699677778571
5,26846,0.0,1789083780829,108699677778571
6,26846,0.0,1789083780829,108699677778571
7,26846,0.0,1789083780829,108699677778571
0,26946,63.6,1789083780929,108699680191461
1,26946,9.1,1789083780929,108699680191461
2,26946,10.0,1789083780929,108699680191461
3,26946,10.0,1789083780929,108699680191461
4,26946,10.0,1789083780929,108699680191461
5,26946,10.0,1789083780929,108699680191461
6,26946,10.0,1789083780929,108699680191461
7,26946,0.0,1789083780929,108699680191461
0,27029,12.5,1789083781012,108699682172925
1,27029,22.2,1789083781012,108699682172925
2,27029,22.2,1789083781012,108699682172925
3,27029,11.1,1789083781012,108699682172925
4,27029,22.2,1789083781012,108699682172925
5,27029,11.1,1789083781012,108699682172925
6,27029,14.3,1789083781012,108699682172925
7,27029,14.3,1789083781012,108699682172925
